1107.8906
726.9695
1104.9219
726.9695
1100.4688
731.50134
1097.6661
734.2417
1094.4531
739.027
1091.9531
739.9883
1088.5272
739.9883
1085.1653
743.7954
1082.8906
745.9758
1077.3922
750.14514
1075.9375
753.0071
1071.4987
753.0071
1069.9758
755.9734
1068.4375
755.9734
1064.8254
758.9946
1062.8906
763.39954
1059.9219
766.3734
1056.9531
764.9822
1056.9531
770.6289
1052.3828
768.9922
1051.1809
772.0134
1048.2579
772.0134
1046.9531
772.0134
1046.9531
774.97974
1044.3141
778.001
1043.9062
780.63257
1043.9062
782.41064
1043.9062
784.9773
1043.9062
787.99854
1043.9062
791.0198
1043.9062
793.9861
1043.9062
797.0073
1043.9062
801.01733
1043.9062
803.98364
1046.9531
803.98364
1046.9531
807.85815
1046.9531
809.9712
1050.9375
809.9712
1050.9375
812.99243
1053.9062
812.99243
1053.9062
817.00244
1056.9531
817.00244
1059.9219
819.96875
1062.8906
819.96875
1066.9531
819.96875
1069.9219
819.96875
1069.9219
822.99
1072.8906
822.99
1075.9375
822.99
1078.9062
822.99
1080.7234
826.0112
1084.8828
826.0112
1085.9375
826.0112
1088.9062
826.0112
1091.9531
826.0112
1095.9375
828.73425
1095.9375
830.4607
1098.9062
828.97754
1101.9531
828.97754
1104.9219
828.97754
1107.8906
828.97754
1111.9531
828.97754
1114.9219
828.97754
1117.8906
828.97754
1120.9375
828.97754
1123.9062
828.97754
1127.8906
828.97754
1130.9375
828.97754
1133.9062
828.97754
1136.9531
828.97754
1140.1506
828.97754
1143.9062
828.97754
1146.9531
828.97754
1149.9219
828.97754
1152.8906
828.97754
1157.2288
828.97754
1159.9219
828.97754
1162.8906
828.97754
1165.9375
828.97754
1168.9062
828.97754
1171.9531
828.97754
1175.9375
826.0115
1180.3906
826.0112
1181.9531
826.0112
1184.9219
826.0112
1187.8906
823.61975
1187.8906
821.5022
1191.9531
822.99
1194.9219
822.99
1197.8906
822.99
1200.9375
822.99
1203.9062
820.9386
1207.0056
819.96875
1209.8828
819.96875
1210.9375
819.96875
1213.9062
817.25854
1216.8578
817.00244
1218.4766
817.00244
1219.9219
817.00244
1223.9062
813.33826
1228.4766
812.99243
1233.6805
812.99243
1237.4609
809.9712
1242.5531
809.9712
1244.3547
809.9712
1245.9375
809.9712
1248.9062
809.9712
1251.9531
809.9712
1256.4772
807.0049
1260.3906
807.0049
1263.0367
807.0049
1267.2185
807.0049
1269.6614
803.98364
1274.4834
803.98364
1279.375
803.98364
1282.4556
799.5394
1285.2037
801.01733
1290.4481
797.6515
1292.4609
795.0023
1293.9062
797.0073
1296.9531
795.0271
1300.1935
793.9861
1303.9062
791.0198
1306.9531
791.0198
1309.9219
786.4879
1312.8906
787.99854
1315.9375
787.99854
1319.9219
783.4667
1322.8906
784.9773
1325.9375
784.9773
1328.9062
780.9673
1331.9531
780.9673
1337.7269
780.9673
1335.9375
776.5178
1340.3652
778.001
1341.9531
778.001
1342.2985
774.97974
1346.9974
774.97974
1349.969
772.0134
1354.4083
772.0134
1356.5917
768.9922
1360.4448
768.9922
1363.3196
764.9822
1367.6892
764.9822
1370.7361
762.2119
1372.3732
760.61816
1373.9062
762.01587
1378.4766
758.9946
1379.9219
758.9946
1383.9062
757.4656
1386.4072
755.9734
1391.1239
755.9734
1392.0829
753.0071
1394.375
753.0071
1395.9375
753.0071
1399.9219
749.4846
1403.0239
748.9971
1407.5698
745.9758
1410.3906
745.9758
1411.9531
743.0095
1418.2191
739.9883
1420.341
739.9883
1421.9531
737.8142
1424.3464
737.022
1426.2295
737.022
1427.8906
737.022
1431.9531
733.01196
1434.9219
733.01196
1441.6653
729.9907
1443.9062
729.9907
1447.8906
726.9695
1452.1473
726.9695
1455.05
726.9695
1459.674
724.0032
1461.4062
724.0032
1463.9062
720.566
1469.0753
718.1154
1469.9219
716.9719
1472.8906
716.04834
1472.8906
712.52246
1475.9375
714.0056
1478.5265
710.9844
1481.9141
710.9844
1482.1621
708.01807
1485.6874
708.01807
1485.9375
703.4862
1488.9062
698.9818
1493.4766
700.9868
1499.5994
694.2939
1501.9531
691.978
1504.9219
687.52856
1508.9062
685.2348
1511.9248
685.0017
1511.9531
680.46985
1514.9219
680.3085
1514.9219
677.531
1517.8906
675.9929
1517.8906
672.5744
1521.3143
672.9717
1527.3357
663.5389
1530.4983
660.43536
1530.9375
657.5568
1533.5287
656.9866
1533.9062
650.97156
1536.1405
650.01025
1538.3594
650.01025
1541.9971
646.989
1540.9375
642.53955
1544.1377
641.00146
1543.9062
636.93585
1546.875
633.4577
1547.8463
627.98267
1549.9219
622.73834
1554.027
616.8286
1555.7095
615.0188
1556.875
610.48694
1556.875
607.55383
1559.9219
605.5758
1559.9219
603.0437
1559.9219
602.0
1564.0546
598.97876
1562.8906
593.6308
1562.8906
589.87476
1567.4609
588.9812
1565.9375
585.48883
1565.9375
580.2197
1565.9375
577.26794
1565.9375
570.9911
1565.9375
567.2732
1565.9375
564.00116
1568.9062
556.3309
1568.9062
551.8893
1568.9062
547.0208
1568.9062
543.5219
1568.9062
538.8164
1568.9062
536.5542
1568.9062
534.9834
1568.9062
530.8357
1568.9062
527.5012
1568.9062
523.01373
1568.9062
522.01953
1568.9062
518.9983
1565.9375
514.9712
1565.9375
510.12286
1563.7334
509.00073
1562.8906
505.40106
1562.3131
503.01318
1558.4375
503.01318
1558.0322
499.99194
1553.4872
497.46973
1550.8984
495.54248
1549.9219
491.01062
1545.4034
493.01562
1543.9062
489.9944
1540.9375
489.9944
1540.9375
486.68744
1535.5251
487.02808
1536.875
484.00684
1532.563
484.00684
1530.9375
480.9856
1527.8906
480.9856
1523.5123
477.03052
1520.9375
477.03052
1516.3672
474.00928
1514.9219
470.96893
1510.5637
470.98804
1508.9062
470.98804
1504.9219
468.02173
1501.9531
468.02173
1498.9062
468.02173
1495.9375
468.02173
1491.9531
468.02173
1488.9062
468.02173
1485.9375
468.02173
1482.8906
468.02173
1479.9219
468.02173
1475.9375
468.02173
1472.8906
468.02173
1469.9219
468.02173
1466.9531
468.02173
1463.9062
468.02173
1457.5162
468.02173
1455.4984
468.02173
1453.9062
468.02173
1450.9375
468.02173
1446.5298
472.31293
1443.9062
470.98804
1440.9375
470.98804
1436.3942
470.98804
1434.9219
474.00928
1431.3685
474.00928
1427.8906
474.00928
1425.7546
477.03052
1423.4375
477.03052
1421.9531
477.03052
1417.5204
482.78455
1415.9375
480.9856
1415.9375
484.00684
1409.9609
484.00684
1408.9062
487.02808
1405.9375
488.28693
1405.9375
491.47754
1402.8906
489.9944
1402.8906
493.01562
1399.9219
493.01562
1399.9219
497.02563
1395.9375
497.02563
1391.3672
499.99194
1389.9219
503.01318
1386.9531
507.46265
1382.4131
505.9795
1383.9062
509.00073
1377.9297
509.00073
1376.9531
513.01074
1373.9062
513.01074
1373.9062
516.0857
1370.9375
517.59644
1366.9852
518.9983
1363.9062
522.01953
1360.9375
522.01953
1360.9375
526.469
1356.3993
524.98584
1353.6917
530.65753
1351.9531
532.73346
1346.1782
534.9834
1344.3254
538.61163
1341.385
541.60406
1340.5049
544.98096
1338.9062
547.4313
1334.8875
548.0022
1330.3251
552.258
1326.0815
553.98975
1324.4054
557.011
1322.8906
558.8756
1322.8906
562.7226
1318.4375
561.021
1315.9375
563.9873
1312.8906
566.5601
1308.4375
567.00854
1303.8217
569.97485
1299.8743
573.03217
1296.7252
572.9961
1290.2782
577.89667
1287.2583
577.0061
1282.4271
580.02734
1279.7073
582.99365
1273.5579
586.0149
1269.2518
588.9812
1263.4375
588.9812
1261.088
594.1597
1257.3828
597.5231
1255.9375
600.4619
1250.0961
598.97876
1248.711
602.0
1245.0187
605.02124
1241.8262
608.9763
1242.8906
611.99756
1238.6605
611.99756
1235.9769
615.0188
1235.9375
618.0853
1231.3672
617.9851
1226.0704
621.00635
1226.9531
627.02136
1219.9219
628.6971
1218.0765
631.0039
1212.7561
635.16565
1212.1877
636.99146
1209.0757
641.00146
1205.0045
644.0227
1201.8062
646.989
1198.3457
650.01025
1194.6593
652.97656
1192.2427
656.9866
1188.0704
660.0078
1187.7391
662.9741
1184.9219
666.8084
1181.9531
667.08154
1179.6752
671.9735
1178.9062
675.15344
1175.0342
675.9929
1170.2882
680.2766
1169.4845
681.98047
1166.136
685.0017
1165.9375
691.0167
1160.114
691.978
1159.9219
696.5099
1155.9375
698.1674
1152.8906
699.9354
1149.5188
700.9868
1149.9219
705.7739
1144.6973
704.9968
1143.9062
709.26184
1134.9225
712.998
1131.451
714.0056
1130.9375
718.4551
1126.3672
722.98694
1123.9062
723.74457
1121.0662
724.0032
1120.9375
727.3967
1116.3672
726.9695
1114.9219
729.9907
1111.5817
733.39
1104.9219
738.8363
1102.3014
739.9883
1099.1044
742.813
1097.3828
744.52014
1095.9375
743.0095
1092.3191
745.9758
1088.93
745.9758
1087.3828
745.9758
1085.9375
748.9971
1085.9375
748.9971