1101.9531
372.00122
1098.9062
372.00122
1095.9375
372.00122
1089.9609
376.53308
1088.9062
375.02246
1084.5591
379.3661
1082.8906
377.98877
1076.9141
382.52063
1074.4531
381.01
1071.1892
383.30823
1066.662
385.02002
1062.0723
388.58386
1057.7786
390.16754
1055.7552
392.22668
1051.0575
393.90668
1045.3273
394.0288
1043.9062
396.99512
1040.9375
396.99512
1037.8906
396.99512
1037.8906
401.00513
1034.9219
404.02637
1028.348
404.02637
1026.6362
404.02637
1024.9219
406.99268
1021.9531
406.99268
1018.90625
411.52454
1014.9219
410.01392
1011.9531
412.98022
1008.90625
412.98022
1005.9375
416.99023
1002.96875
416.99023
998.90625
420.94012
995.2111
420.75067
990.6465
423.0327
986.60455
426.3473
980.97656
425.99902
977.92004
429.02026
973.64764
433.3706
970.9375
433.03027
970.9375
435.99658
966.9531
435.99658
963.90625
439.01782
956.4844
439.01782
957.96875
441.98413
954.9219
441.98413
950.9375
445.00537
947.96875
445.00537
944.9219
449.01538
941.9531
452.8216
938.90625
455.00293
938.90625
458.02417
934.9219
458.02417
931.9531
460.99048
928.60693
465.0005
925.9375
468.02173
922.96875
470.98804
918.672
477.2047
914.5739
477.03052
915.9375
480.9856
912.96875
484.00684
909.9219
487.02808
909.9219
489.9944
906.9531
491.9192
906.9531
493.01562
902.96875
497.02563
902.96875
499.99194
899.9219
503.01318
899.9219
505.9795
895.46875
505.9795
896.9531
512.0819
896.9531
513.01074
893.90625
513.01074
893.90625
515.97705
890.9375
518.9983
890.9375
522.01953
886.9531
524.98584
886.9531
528.99585
882.7783
532.0171
883.90625
534.9834
880.9375
538.00464
880.9375
541.0259
880.9375
544.98096
877.96875
548.0022
877.96875
551.02344
874.9219
553.98975
874.9219
557.011
870.9375
561.021
870.9375
563.9873
870.9375
568.51917
867.96875
569.97485
867.96875
576.4008
867.96875
579.0111
867.96875
580.02734
864.9219
582.99365
864.9219
586.7881
864.9219
588.9812
861.9531
592.9912
861.9531
600.1322
861.9531
602.0
861.9531
605.02124
861.9531
608.9763
858.90625
615.0188
858.90625
617.9851
858.90625
621.00635
858.90625
627.02136
858.90625
627.98267
852.9297
632.5145
854.9219
634.02515
854.9219
636.99146
854.9219
643.0065
854.9219
646.989
854.9219
651.5209
854.9219
652.97656
854.9219
656.9866
854.9219
660.0078
854.9219
662.9741
854.9219
665.99536
852.76697
669.0166
851.9531
672.9127
851.9531
674.9492
851.9531
675.9929
851.9531
682.3739
851.9531
685.0017
851.9531
689.0117
851.9531
691.978
851.9531
694.99927
851.9531
702.47
851.9531
706.028
851.9531
712.31696
854.9219
714.0056
854.9219
716.9719
854.9219
720.98193
859.6605
724.0032
858.90625
726.9695
858.90625
729.9907
858.90625
733.01196
861.9531
739.4728
864.77246
739.9883
864.9219
745.01306
864.9219
747.459
867.96875
748.9971
867.96875
753.0071
870.9375
755.9734
870.9375
758.9946
874.9219
762.01587
874.9219
764.9822
877.64905
768.9922
877.96875
773.3268
880.9375
776.21826
880.9375
778.001
883.90625
780.9673
887.4789
784.9773
886.9531
790.11316
891.646
791.0198
893.0941
793.9861
895.3906
793.9861
895.96204
797.0073
896.9531
800.83704
896.9531
803.02234
899.9219
806.9105
902.24225
807.0049
902.96875
811.45435
906.9531
809.9712
906.9531
812.99243
909.9219
812.99243
909.9219
819.00745
912.96875
817.00244
912.96875
819.96875
915.9375
819.96875
921.87335
822.99
925.0
822.99
925.9375
827.15784
928.90625
826.0112
931.9531
826.0112
934.9219
826.0112
938.90625
826.0112
938.90625
828.97754
944.9219
832.98755
949.4922
832.98755
950.9375
832.98755
954.9219
832.98755
957.96875
832.98755
960.9375
836.0088
963.90625
836.0088
966.9531
836.0088
970.9375
838.9751
973.90625
838.9751
976.4998
841.99634
980.0905
841.99634
989.9219
842.59595
992.96875
845.0176
995.9375
845.0176
998.90625
845.0176
1004.7501
845.0176
1007.4219
845.0176
1008.90625
848.97266
1013.4607
848.97266
1016.0012
848.97266
1023.47656
848.97266
1024.9219
848.97266
1032.2833
848.97266
1039.375
848.97266
1040.9375
848.97266
1046.4575
848.97266
1051.456
848.97266
1057.9562
848.97266
1059.9219
848.97266
1066.0312
848.97266
1068.9844
848.97266
1072.0808
848.97266
1076.0396
848.97266
1078.9062
848.97266
1082.8906
848.97266
1085.9375
848.97266
1088.9062
848.97266
1091.9531
848.97266
1095.9375
848.97266
1098.9062
845.0176
1104.5277
845.0176
1108.8242
845.0176
1107.8906
841.99634
1111.9531
841.99634
1117.8906
841.99634
1117.8906
838.9751
1122.4609
838.9751
1123.9062
838.9751
1129.8828
838.9751
1130.9375
838.9751
1135.9146
836.0088
1138.4766
836.0088
1139.9219
836.0088
1143.9062
836.0088
1149.9219
832.98755
1152.8906
832.98755
1155.9375
832.98755
1159.9219
828.97754
1162.8906
828.97754
1165.9375
826.37195
1165.9375
824.5281
1168.9062
826.0112
1171.9531
821.8485
1177.9297
822.99
1178.9062
822.99
1181.9531
819.96875
1186.4062
819.96875
1187.8906
817.00244
1191.9531
817.00244
1194.9219
812.99243
1199.375
812.99243
1203.0604
809.9712
1207.8839
809.9712
1207.8906
805.5217
1210.9375
807.0049
1213.9062
805.9153
1216.5658
803.98364
1219.9219
803.98364
1223.9062
801.01733
1226.9531
801.01733
1229.1534
797.0073
1231.4062
797.0073
1232.8906
793.9861
1235.9375
793.9861
1239.029
791.0198
1241.9141
791.0198
1242.8906
787.99854
1245.9375
784.9773
1248.9062
784.9773
1248.9062
780.9673
1251.9531
780.9673
1255.8243
778.001
1257.9297
778.001
1258.9062
774.97974
1261.9531
770.8096
1266.4062
772.0134
1264.9219
768.9922
1269.375
768.9922
1271.9531
764.9822
1274.9219
762.01587
1280.9375
758.9946
1284.4116
755.9734
1283.9062
751.5239
1287.8906
753.0071
1289.9192
748.9971
1290.9375
745.6754
1293.9062
743.0095
1296.9531
741.15564
1296.9531
738.47766
1299.9219
737.022
1303.9062
737.022
1303.9062
733.01196
1306.9531
729.9907
1306.9531
726.9695
1309.9219
722.52
1312.8906
720.98193
1321.3073
712.97424
1323.799
710.9844
1322.8906
708.01807
1325.9375
704.9968
1329.1304
698.0205
1328.9062
694.99927
1331.9531
691.978
1331.9531
689.0117
1335.9375
685.0017
1338.9062
681.98047
1341.7125
676.2315
1343.4766
674.4823
1341.9531
667.04694
1346.4062
669.0166
1347.511
665.99536
1347.8906
662.9741
1347.8906
660.0078
1351.9531
652.97656
1354.9219
650.01025
1354.9219
646.989
1357.8906
641.00146
1362.4609
634.98645
1363.2654
631.6561
1363.9062
631.0039
1363.9062
625.01636
1367.8906
621.00635
1367.8906
617.9851
1370.9375
609.4226
1375.3906
608.9763
1376.5575
605.02124
1378.4766
605.02124
1379.9219
598.97876
1379.9219
596.01245
1383.9062
592.9912
1383.9062
588.9812
1383.9062
586.0149
1383.9062
582.99365
1386.9531
580.8793
1386.9531
578.5442
1386.9531
574.1942
1386.9531
570.9911
1389.9219
569.97485
1389.9219
567.00854
1389.9219
563.9873
1392.8906
557.011
1392.8906
553.98975
1392.8906
551.02344
1392.8906
548.0022
1392.8906
544.98096
1397.1445
536.80774
1395.9375
534.9834
1395.9375
530.53394
1395.9375
526.05426
1395.9375
522.98083
1395.9375
518.07544
1395.9375
515.97705
1395.9375
511.5276
1395.9375
509.00073
1395.9375
505.9795
1395.9375
497.02563
1392.8906
493.01562
1392.8906
486.9052
1389.9219
484.00684
1386.9531
472.49866
1384.2814
468.38696
1382.3828
466.53857
1383.9062
465.0005
1379.9219
460.99048
1379.9219
456.54102
1379.9219
455.00293
1377.7257
451.9817
1375.4688
451.9817
1374.7551
449.01538
1373.9062
444.87006
1370.9375
445.00537
1368.9291
440.02875
1366.3672
437.53467
1363.3131
435.99658
1360.6182
433.03027
1356.4723
427.15356
1354.9219
429.02026
1350.4688
425.99902
1348.2197
423.0327
1345.8594
423.0327
1344.9219
420.50586
1344.9219
418.50085
1341.9531
420.01147
1338.9062
416.99023
1335.9375
412.98022
1331.9531
412.98022
1331.9531
410.01392
1328.0621
406.99268
1325.9375
404.4754
1322.8425
404.02637
1322.8906
401.00513
1318.4375
401.00513
1315.9375
396.99512
1312.8906
396.99512
1309.9219
394.0288
1306.9531
394.0288
1306.9531
389.49695
1303.9062
391.00757
1299.9219
387.98633
1296.9531
387.98633
1293.9062
385.02002
1290.9375
385.02002
1287.8906
381.01
1283.9062
381.01
1283.9062
377.98877
1280.9375
377.98877
1277.8906
377.98877
1271.1238
375.02246
1267.8906
372.3
1263.4375
372.00122
1260.4688
372.00122
1255.9976
368.97998
1250.6436
368.97998
1241.6418
368.97998
1238.4375
368.97998
1228.4375
368.97998
1226.9531
368.97998
1223.9062
368.97998
1215.4688
368.97998
1213.9062
368.97998
1210.9375
368.97998
1205.5474
365.0249
1201.04
365.0249
1199.4531
365.0249
1197.8906
365.0249
1194.9219
365.0249
1188.1556
365.0249
1185.8594
365.0249
1181.1681
365.0249
1176.9446
365.0249
1172.8168
362.65857
1169.9609
360.49304
1168.9062
362.00366
1165.9375
362.00366
1159.9219
362.00366
1155.9375
362.00366
1152.8906
362.00366
1149.9219
362.00366
1146.9531
362.00366
1143.9062
362.00366
1139.9219
362.00366
1136.9531
362.00366
1133.9062
362.00366
1130.9375
362.00366
1127.8906
362.00366
1123.9062
362.00366
1120.9375
362.00366
1117.8906
362.00366
1111.3818
362.00366
1105.8594
362.00366
1102.5332
365.0249
1101.9531
365.0249
1098.9062
365.0249
1095.9375
368.97998
1091.9531
368.97998
1091.9531
372.00122
1091.9531
372.00122