960.9375
615.0188
957.96875
615.0188
960.9375
615.0188
963.90625
611.99756
967.83716
608.9763
970.9375
605.02124
973.90625
602.0
976.9531
598.97876
979.9219
598.97876
982.96875
596.01245
990.1836
588.6277
994.3167
588.9812
1000.3906
586.0149
998.90625
581.48303
1002.96875
581.7476
1005.49976
580.02734
1007.4219
580.02734
1008.90625
580.02734
1011.9531
580.02734
1011.9531
575.7813
1018.2814
573.625
1020.89844
570.9911
1021.9531
572.9961
1024.9219
572.9961
1026.8857
569.97485
1029.7722
569.97485
1030.9375
567.85565
1030.9375
565.5254
1034.9219
567.00854
1040.306
567.00854
1040.9375
564.1312
1043.3068
563.9873
1043.9062
563.9873
1046.9531
563.9873
1050.9375
562.34845
1050.9375
559.53784
1053.9062
557.076
1056.1826
557.011
1056.9531
557.011
1059.9219
557.011
1062.8906
553.98975
1071.1982
551.02344
1072.8906
551.02344
1075.9375
548.0022
1081.341
544.98096
1082.8906
544.98096
1085.9375
544.98096
1088.9062
541.0259
1091.9531
541.0259
1094.5953
538.00464
1097.9297
538.00464
1098.9062
534.9834
1101.9531
534.9834
1103.3347
532.0171
1106.4062
532.0171
1107.8906
528.99585
1111.9531
528.99585
1111.9531
524.98584
1116.4062
524.98584
1117.8906
522.01953
1120.9375
518.6689
1123.9062
517.0781
1127.8906
515.97705
1130.9375
513.01074
1133.9062
513.01074
1139.3391
509.00073
1139.9219
505.7663
1143.9062
505.9795
1143.9062
503.01318
1146.9531
503.01318
1152.0537
499.99194
1152.8906
497.14917
1152.8906
495.54248
1155.9375
493.01562
1159.9219
490.31232
1159.9219
488.48376
1162.8906
487.67914
1162.8906
485.54492
1167.9476
484.98248
1170.3906
482.49622
1171.9531
484.00684
1171.9531
480.9856
1175.9375
480.9856
1178.9062
477.03052
1181.9531
474.00928
1184.9219
470.98804
1187.8906
470.98804
1187.8906
466.54358
1193.9844
468.02173
1196.413
465.0005
1200.6399
461.38226
1202.4609
458.98547
1203.9062
458.02417
1207.8906
458.02417
1210.9375
455.00293
1213.9062
452.86633
1213.9062
450.47107
1216.9531
451.9817
1219.9219
449.01538
1225.8984
443.00037
1226.9531
445.00537
1231.1711
440.7127
1232.8906
441.98413
1239.164
436.5713
1243.4213
435.99658
1245.9375
432.80347
1250.3906
433.03027
1255.9375
429.02026
1261.095
425.99902
1261.9531
425.99902
1261.9531
423.0327
1264.9219
423.0327
1267.8906
420.01147
1271.9531
420.01147
1274.4991
416.99023
1276.1573
416.99023
1277.1538
412.98022
1279.375
412.98022
1277.8906
410.01392
1280.9375
412.98022
1282.8162
416.99023
1283.9062
420.68665
1287.8906
422.08917
1287.8906
424.54333
1290.9375
424.9229
1290.9375
427.48218
1295.9255
425.99902
1296.9531
428.7379
1296.9531
430.53088
1299.9219
433.03027
1306.9838
436.02637
1309.9219
439.01782
1312.8906
439.01782
1317.0966
441.98413
1319.9219
445.00537
1327.1754
450.64465
1328.9062
451.35748
1332.3727
451.9817
1334.7754
455.00293
1337.9297
455.00293
1338.9062
460.99048
1341.9531
465.0005
1344.9219
470.35388
1347.5405
470.98804
1347.8906
475.5199
1353.5942
477.03052
1356.4062
477.03052
1357.8906
477.03052
1360.7153
480.9856
1362.4609
480.9856
1365.6748
484.00684
1369.8828
484.00684
1370.9375
487.02808
1373.9062
489.9944
1376.9531
489.9944
1376.9531
493.01562
1381.4062
493.01562
1383.9062
493.01562
1383.9062
497.02563
1386.9531
497.02563
1389.9219
499.99194
1392.8906
503.01318
1395.9375
503.01318
1399.9219
504.76642
1402.7324
505.9795
1407.3029
505.9795
1410.3906
509.00073
1417.9297
513.01074
1423.1041
520.1396
1424.9219
518.9983
1427.8906
521.7097
1433.2832
522.01953
1431.9531
526.469
1434.9219
524.98584
1437.8906
527.9056
1441.9099
528.99585
1445.3906
533.5277
1447.8906
536.0143
1453.9062
534.9834
1456.9531
538.00464
1459.9219
541.0259
1465.6958
546.7555
1468.4766
549.5128
1469.9219
551.02344
1472.8906
551.02344
1475.9375
553.98975
1479.9219
557.02155
1483.848
562.3142
1485.9375
563.9873
1491.4355
567.00854
1497.738
571.3153
1502.7683
578.07904
1504.9219
581.0907
1510.7428
581.81537
1511.9531
582.99365
1514.9219
586.0149
1517.8906
588.07336
1517.8906
590.46436
1523.3263
588.9812
1524.9219
593.055
1527.8906
596.01245
1530.9375
599.06177
1533.9062
602.0
1536.875
602.0
1540.9375
605.02124
1543.9062
605.02124
1543.9062
608.9763
1546.875
608.9763
1546.875
611.99756
1549.9219
615.0188
1552.8906
615.0188
1552.8906
617.9851
1552.8906
621.00635
1552.8906
625.01636
1552.8906
627.98267
1552.8906
631.0039
1549.9219
634.02515
1546.875
634.02515
1543.9062
636.05176
1543.9062
638.4746
1536.1738
639.7082
1530.3906
643.0065
1530.9375
641.00146
1527.8906
641.00146
1523.4375
641.00146
1518.5734
641.00146
1516.6432
641.00146
1513.2717
641.00146
1509.4271
641.00146
1502.9297
641.00146
1498.9285
641.00146
1497.3828
641.00146
1495.9375
641.00146
1488.9062
641.00146
1485.9375
641.00146
1482.8906
641.00146
1479.9219
641.00146
1474.1414
641.00146
1470.0956
641.00146
1467.7627
641.00146
1462.8732
641.00146
1455.9592
641.00146
1453.2566
636.99146
1447.225
636.99146
1441.9141
636.99146
1436.3672
636.99146
1431.9531
636.99146
1424.7015
636.99146
1420.4688
636.99146
1412.9297
636.99146
1411.9531
636.99146
1405.9375
636.99146
1400.7654
636.99146
1396.5272
636.99146
1392.4661
636.99146
1385.4688
636.99146
1375.7922
636.99146
1372.3828
636.99146
1370.9375
636.99146
1365.0105
636.99146
1361.9141
636.99146
1360.9375
636.99146
1357.8906
636.99146
1352.488
636.99146
1347.49
636.99146
1341.9531
636.99146
1337.0931
636.99146
1332.0906
636.99146
1322.9297
636.99146
1320.3147
636.99146
1318.4375
636.99146
1311.4221
634.02515
1308.4375
634.02515
1306.9531
634.02515
1303.9062
634.02515
1293.1464
634.02515
1289.7418
634.02515
1284.6385
634.02515
1281.9141
634.02515
1278.4954
634.02515
1276.3672
634.02515
1272.8787
634.02515
1270.4688
634.02515
1267.8906
634.02515
1260.4688
634.02515
1258.9062
634.02515
1251.4519
634.02515
1247.1901
634.02515
1243.2914
634.02515
1237.5496
634.02515
1231.1561
634.02515
1226.9141
634.02515
1221.051
634.02515
1215.6335
634.02515
1212.3828
634.02515
1207.8906
634.02515
1203.9062
634.02515
1198.9303
634.02515
1196.3672
634.02515
1192.8755
634.02515
1190.4688
634.02515
1185.9241
634.02515
1183.4375
634.02515
1180.0304
634.02515
1177.3828
634.02515
1175.9375
634.02515
1171.9531
634.02515
1168.9062
634.02515
1163.9734
634.02515
1161.3672
634.02515
1159.9219
634.02515
1155.9375
634.02515
1149.6807
634.02515
1145.6721
634.02515
1140.9404
634.02515
1134.2626
634.02515
1131.7251
634.02515
1128.369
634.02515
1122.2847
634.02515
1116.3672
634.02515
1114.9219
634.02515
1111.9531
634.02515
1107.8906
634.02515
1103.0573
634.02515
1099.8684
634.02515
1097.3828
634.02515
1095.9375
631.0039
1087.3828
631.0039
1085.9375
631.0039
1082.8906
631.0039
1076.9628
631.0039
1073.0615
631.0039
1068.4375
631.0039
1063.042
631.0039
1060.5796
631.0039
1056.9531
627.98267
1052.4039
627.98267
1047.5958
627.98267
1044.791
627.98267
1041.2783
627.98267
1039.4531
627.98267
1037.8906
625.01636
1034.9219
625.01636
1030.9375
625.01636
1027.8906
625.01636
1024.9219
625.01636
1021.9531
625.01636
1015.62146
625.01636
1013.31744
625.01636
1010.00055
625.01636
1007.3828
625.01636
1004.1687
625.01636
999.15094
625.01636
994.4531
625.01636
988.39844
625.01636
986.9531
625.01636
982.0636
621.00635
978.5248
621.00635
975.46875
621.00635
973.90625
621.00635
970.9375
621.00635
966.9531
621.00635
963.90625
621.00635
960.9375
621.00635
957.96875
621.00635
957.96875
621.00635