992.96875
643.98267
989.9219
643.98267
979.9219
651.53577
973.90625
652.99146
967.0456
660.0227
963.90625
666.01025
957.96875
673.2591
947.96875
685.0166
944.9219
688.9717
940.06854
695.01416
934.9219
701.0017
928.90625
706.35205
924.35986
714.0205
922.96875
720.9968
916.875
726.9844
918.90625
736.98193
918.90625
746.8876
918.90625
760.75085
918.90625
769.0071
918.90625
771.9734
915.9375
778.2899
915.9375
784.9922
915.9375
793.20715
915.9375
803.99854
918.90625
809.9861
922.96875
819.70044
930.5328
833.00244
940.89844
842.0112
947.96875
856.0891
956.4463
871.01514
960.9375
880.59595
960.9375
881.0127
963.90625
883.979
978.47656
889.96655
992.0842
896.9978
1002.6975
899.9641
1008.90625
902.98535
1023.47656
908.9729
1031.401
909.43933
1044.4924
912.9829
1059.1932
912.9829
1074.947
912.9829
1101.4059
908.9729
1123.6582
897.2457
1149.9219
883.7328
1159.9219
877.0027
1162.8906
874.6177
1171.557
871.01514
1178.9062
865.52
1187.8906
853.88464
1199.337
840.56604
1214.3376
825.9712
1230.1837
803.7322
1241.8099
794.001
1242.8906
790.97974
1259.3839
774.521
1280.9375
747.00696
1290.9375
738.6122
1299.9219
731.09283
1309.9219
717.42725
1322.5833
705.0117
1332.0269
691.9929
1347.0281
679.8519
1360.9445
672.9866
1403.7247
659.1957
1413.4766
652.99146
1420.3157
652.99146
1487.6315
626.2737
1517.8906
612.0926
1537.4435
593.0061
1552.4169
583.00854
1565.9375
568.4791
1580.3906
560.98096
1588.9062
548.86884
1599.7917
539.13495
1610.2731
529.6576
1616.875
519.49713
1626.4215
509.62823
1632.5178
500.00684
1639.5271
484.02173
1642.8906
465.2777
1645.9375
450.167
1648.9062
435.3595
1648.9062
423.7953
1648.9062
407.7796
1647.968
390.06763
1645.9375
376.73907
1639.9219
364.836
1634.7965
354.4549
1624.5654
337.6833
1623.9062
329.9934
1623.9062
327.0271
1616.0573
307.18854
1607.8906
289.6223
1598.1638
279.28278
1590.1166
274.2386
1578.9062
266.1225
1565.7782
260.0105
1553.9323
256.98926
1538.1772
250.01294
1527.3097
244.02539
1512.5249
236.99414
1498.2117
231.00659
1483.1565
227.98535
1470.9167
225.01904
1458.2814
225.01904
1442.0609
225.01904
1422.9337
225.01904
1410.3387
225.01904
1399.9219
230.05731
1389.9219
234.02783
1382.4385
234.02783
1361.4412
240.32391
1337.5286
246.9917
1328.9062
253.03418
1319.4574
260.0105
1306.5322
265.99805
1293.9062
273.5916
1281.3492
279.01685
1272.2944
288.55334
1258.9062
300.61755
1251.9531
310.91718
1245.5284
324.00586
1234.2584
338.65936
1224.7634
351.8816
1214.5255
368.99487
1208.3032
381.0249
1200.9375
398.3943
1195.9207
403.98633
1191.9531
415.43658
1187.8906
421.537
1181.9531
426.01392
1179.2344
435.68604
1178.9062
440.52075
1178.9062
441.99902
1165.4374
461.6635
1155.9375
480.00714
1149.9219
493.9438
1143.9062
505.37854
1139.9219
513.02563
1133.6931
521.9795
1130.9375
530.62085
1123.9062
537.0361
1117.8906
551.6322
1111.9531
563.4092
1107.8906
569.37103
1101.9531
577.021
1088.8817
585.97485
1082.8906
594.9094
1076.1766
593.0061
1065.4688
598.99365
1057.6882
602.0149
1050.9375
604.6193
1043.9062
604.9812
1032.2512
614.0007
1024.9219
622.53186
1014.9219
625.7349
1007.3828
631.0188
1002.96875
636.6109
994.8805
641.01636
992.96875
645.4658
986.9531
647.0039
980.97656
650.02515
975.4837
657.00146
973.90625
662.02057
969.4531
662.989
969.4531
662.989