1258.9062
474.02417
1268.4637
476.99048
1279.375
484.02173
1287.8906
494.54114
1290.9375
493.03052
1290.9375
498.96313
1293.9062
500.80927
1296.9531
500.99786
1299.105
505.17822
1299.9219
508.30115
1305.6647
509.01562
1306.9531
514.7257
1353.0182
586.75256
1469.9219
507.92072
1472.8906
496.9856
1472.8906
496.9856
1485.9375
410.68793
1488.9062
380.242
1491.9531
346.57782
1495.9375
316.7282
1491.9531
276.66632
1482.8906
232.9538
1470.967
209.03394
1463.0747
242.09851
1440.7915
292.18427
1394.6477
349.96002
1322.8906
407.1129
1203.9062
436.01147
1248.9062
457.98413
1279.2968
484.02173
