1072.8906
241.00415
1072.8906
244.02539
1072.8906
250.92426
1072.8906
253.31476
1072.8906
258.9668
1072.8906
261.48474
1072.8906
264.96106
1072.8906
267.4812
1072.8906
269.0193
1072.8906
273.0293
1072.8906
275.9956
1072.8906
279.01685
1072.8906
281.98315
1075.9375
286.515
1075.9375
290.20154
1075.9375
292.03564
1075.9375
295.00195
1075.9375
298.0232
1075.9375
300.9895
1075.9375
304.9995
1075.9375
308.02075
1075.9375
310.98706
1075.9375
314.0083
1075.9375
317.02954
1075.9375
320.98462
1075.9375
324.00586
1075.9375
328.97223
1075.9375
333.6792
1075.9375
337.88287
1075.9375
340.44897
1075.9375
343.0122
1075.9375
346.03345
1075.9375
348.99976
1075.9375
355.1369
1075.9375
357.54163
1075.9375
358.9973
1075.9375
362.88843
1071.6337
366.20862
1072.8906
371.9903
1072.8906
374.7682
1072.8906
377.84167
1069.9219
380.9803
1069.9219
386.95752
1069.9219
390.40765
1069.9219
393.67206
1066.9531
397.51416
1066.9531
401.40906
1066.9531
405.46948
1066.9531
407.00757
1066.9531
410.99896
1066.9531
417.3175
1066.9531
420.5381
1066.9531
423.12433
1066.9531
427.77893
1066.9531
431.60577
1066.9531
434.99524
1066.9531
436.01147
1066.9531
439.0327
1066.9531
442.91724
1066.9531
445.9323
1066.9531
450.17157
1066.9531
453.875
1066.9531
457.56726
1066.9531
463.47083
1066.9531
472.87317
1066.9531
478.28387
1069.2363
483.3241
1069.9219
489.35577
1069.9219
494.39923
1069.9219
499.03473
1069.9219
503.0042
1069.9219
512.94727
1069.9219
518.9746
1069.9219
520.5238
1069.9219
524.3164
1069.9219
533.7432
1069.9219
545.7251
1069.9219
555.1164
1069.9219
566.736
1069.9219
576.5596
1069.9219
582.86255
1069.9219
589.00464
1069.9219
595.5689
1069.9219
601.32947
1069.9219
606.46436
1069.9219
612.23627
1069.9219
620.4977
1069.9219
626.95386
1069.9219
631.28894
1069.9219
635.64636
1069.9219
638.3751
1069.9219
645.6452
1069.9219
648.1679
1069.9219
650.02515
1069.9219
652.99146
1069.9219
657.00146
1069.9219
660.0227
1069.9219
664.38525
1069.9219
668.03564
1069.9219
672.0125
1069.9219
675.1237
1069.9219
678.1632
1069.9219
684.5777
1070.7994
689.8647
1073.8121
692.93066
1072.8906
695.72314
1072.8906
700.097
1072.8906
704.7249
1072.8906
707.75354
1074.5461
715.6322
1075.9375
720.7451
1075.9375
724.9924
1078.9062
730.62085
1078.9062
740.1662
1078.9062
746.1282
1078.9062
750.5226
1078.9062
756.4957
1078.9062
762.73987
1078.9062
766.1809
1078.9062
772.5675
1076.9016
777.03467
1075.9375
781.56396
1075.2421
784.9922
1072.8906
789.4249
1072.8906
793.302
1072.8906
796.2599
1070.8344
796.9673
1069.9219
799.43726
1069.9219
802.75854
1069.9219
803.99854
1069.9219
807.0198
1065.4688
814.51794
1066.9531
817.01733
1066.9531
819.98364
1066.9531
823.0049
1064.8396
827.54297
1060.8594
830.50305
1062.8906
833.00244
1062.8906
836.3767
1062.8906
838.99
1069.8975
838.99
1075.5564
838.99
1085.5258
838.99
1094.5831
838.99
1102.4786
838.99
1108.5703
838.99
1115.2471
838.99
1117.9734
838.99
1122.4609
838.99
1129.8828
838.99
1134.5209
838.99
1137.2521
838.99
1149.7703
838.99
1150.3286
838.99
1157.2584
838.99
1164.1686
838.99
1170.1531
838.99
1174.5243
838.99
1178.1205
838.99
1195.5249
838.99
1200.2717
838.99
1202.4609
838.99
1212.0452
838.99
1220.0936
838.99
1229.4816
842.0112
1240.8175
842.0112
1246.826
842.0112
1253.3363
842.0112
1260.205
842.0112
1266.2722
842.0112
1276.3783
842.0112
1282.3839
844.97754
1286.6893
844.97754
1292.4609
844.97754
1294.6923
844.97754
1297.6978
844.97754
1300.8964
844.97754
1303.9062
844.97754
1306.9531
844.97754
1309.9219
844.97754
1312.8906
844.97754
1315.9375
844.97754
1319.9219
844.97754
1322.8906
844.97754
1325.9375
844.97754
1328.9062
844.97754
1331.9531
844.97754
1336.0381
844.97754
1339.127
844.97754
1341.9531
844.97754
1344.9219
844.97754
1344.9219
839.2069
1344.9219
832.96094
1344.9219
826.0569
1344.9219
819.9678
1344.9219
809.66394
1344.9219
805.5366
1344.9219
801.1481
1344.9219
794.9623
1344.9219
790.36255
1344.9219
787.6555
1344.9219
784.14075
1344.9219
778.9772
1344.9219
774.6738
1344.9219
770.7394
1344.9219
766.1222
1344.9219
760.7699
1344.9219
754.90393
1344.9219
747.50867
1344.9219
742.7959
1344.9219
738.66223
1344.9219
725.47375
1344.9219
722.0756
1344.9219
715.213
1344.9219
708.99054
1344.9219
702.1644
1344.9219
694.17694
1344.9219
688.4122
1344.9219
674.6638
1344.9219
657.18677
1344.9219
653.1127
1344.9219
647.6529
1344.9219
637.3417
1344.9219
633.9438
1348.2368
631.0188
1347.8906
624.5162
1347.8906
617.489
1347.8906
613.46814
1347.8906
608.63416
1347.8906
603.2869
1347.8906
598.0371
1353.9844
596.02734
1351.9531
589.22253
1351.9531
577.573
1351.9531
564.4076
1347.8906
552.07104
1347.8906
541.8892
1347.8906
532.78827
1347.8906
523.341
1347.8906
515.0618
1347.8906
505.97723
1347.8906
496.29022
1347.8906
485.07928
1347.8906
480.04352
1347.8906
469.9817
1347.8906
462.62036
1347.8906
454.1306
1347.8906
447.4248
1347.8906
441.05066
1347.8906
437.8219
1347.8906
431.3626
1347.8906
426.70233
1347.8906
423.7301
1347.8906
418.90808
1347.8906
410.9901
1347.8906
408.9812
1347.8906
405.88654
1351.9531
402.44122
1351.9531
395.005
1351.9531
391.93518
1351.9531
388.2162
1351.9531
383.46936
1351.9531
379.7041
1351.9531
377.1845
1351.9531
373.70123
1351.9531
369.1671
1351.9531
359.448
1351.9531
352.8004
1351.9531
345.84485
1351.9531
340.37347
1351.9531
329.97925
1351.9531
323.56152
1351.9531
311.0655
1351.9531
304.22815
1351.9531
298.74762
1351.9531
293.23706
1351.9531
282.86816
1351.9531
277.9325
1351.9531
275.9956
1351.9531
273.0293
1351.9531
266.7624
1351.9531
263.5952
1351.9531
260.82104
1351.9531
258.73022
1351.9531
256.98926
1351.9531
253.03418
1351.9531
247.39093
1351.9531
244.45734
1351.9531
241.36395
1351.9531
239.49353
1354.7186
236.99414
1356.4062
236.99414
1349.3041
236.99414
1340.9937
235.05713
1330.0779
232.16833
1320.8965
227.98535
1311.1986
226.29471
1307.5846
225.01904
1302.3828
225.01904
1297.1703
225.01904
1294.0917
225.01904
1292.4344
225.01904
1290.9375
225.01904
1286.5034
225.01904
1280.9774
225.01904
1279.4531
225.01904
1277.8906
225.01904
1274.9219
225.01904
1271.8289
225.01904
1267.8906
228.95554
1263.684
227.98535
1261.9531
231.00659
1258.9062
231.00659
1255.4482
231.00659
1250.9037
231.00659
1248.2878
231.00659
1245.6227
231.00659
1241.3672
234.02783
1239.3512
234.02783
1234.8104
234.02783
1232.0377
234.02783
1229.3057
234.02783
1222.3828
234.02783
1218.79
234.02783
1216.1044
234.02783
1212.0925
234.02783
1206.3672
234.02783
1202.6573
234.02783
1200.0765
234.02783
1195.3285
234.02783
1192.3546
234.02783
1188.0365
234.02783
1185.0049
234.02783
1182.3999
234.02783
1178.8884
234.02783
1174.5536
234.02783
1170.979
234.02783
1162.4982
234.02783
1156.1183
234.02783
1149.4528
234.02783
1146.5642
234.02783
1138.0753
234.02783
1133.1299
234.02783
1128.9712
234.02783
1125.2706
235.97833
1118.6808
236.99414
1115.6177
236.99414
1112.498
236.99414
1107.8906
236.99414
1104.1051
236.99414
1101.0604
236.99414
1097.9908
236.99414
1094.9021
242.40277
1091.9531
241.00415
1088.9062
241.00415
1085.0896
241.00415
1082.8906
241.00415
1078.9062
241.00415
1075.9375
241.00415
1072.839
241.00415
1069.6434
241.00415
1066.6953
241.00415
1062.7697
241.00415
1059.9219
241.00415
1059.9219
241.00415