1533.9062
61.033203
1536.875
61.033203
1536.875
65.04321
1536.875
70.29501
1536.875
73.99707
1538.4744
77.01831
1540.9375
83.14737
1540.9375
88.433105
1540.9375
92.47601
1543.9062
97.96454
1543.9062
102.06494
1545.9073
105.037506
1546.875
112.58392
1549.9219
119.041016
1552.8906
134.18225
1559.1051
137.99243
1559.9219
146.8818
1565.3469
150.4256
1568.9062
154.03247
1572.4016
160.51657
1575.9375
164.26459
1578.9062
168.61938
1578.9062
171.5282
1583.4205
173.03882
1584.9219
176.53793
1590.6173
180.01514
1594.8094
182.92487
1594.9219
187.48584
1599.375
190.53455
1604.9219
194.08215
1604.9219
197.4834
1608.7628
199.87064
1614.1393
205.24612
1618.2448
210.86917
1622.9688
213.4685
1623.9062
215.59442
1626.1721
220.29181
1630.9672
226.37994
1635.9967
228.02539
1639.9219
230.9917
1642.4363
234.01294
1646.2905
241.44745
1652.141
244.0105
1659.774
249.99805
1667.498
253.01929
1675.6353
257.50488
1680.9375
259.9956
1683.5875
264.98975
1684.9219
265.98315
1689.5109
269.0044
1690.9375
273.04858
1695.3896
273.0144
1701.1062
276.16113
1713.3835
285.48193
1724.318
290.41486
1732.8906
294.98706
1740.3906
298.0083
1750.0977
307.23358
1756.0576
311.0271
1767.4274
317.01465
1770.9375
323.99097
1776.6873
327.0122
1784.9344
334.02704
1789.4779
332.99976
1789.9219
337.00977
1792.8906
337.00977
1796.875
340.031
1799.9219
340.031
1799.9219
342.9973
1804.7842
344.87494
1807.4609
347.52917
1808.9062
346.01855
1812.8906
348.98486
1819.5986
348.98486
1823.1951
348.98486
1828.6846
348.98486
1830.8984
348.98486
1831.875
348.98486
1834.9219
351.35516
1840.5833
352.99487
1843.9453
352.99487
1844.9219
352.99487
1844.9219
352.99487