1111.9531
468.02173
1107.8906
469.03973
1107.8906
473.3603
1107.8906
477.84436
1107.8906
483.25885
1107.8906
486.7893
1107.8906
496.36572
1107.8906
500.6562
1107.8906
505.33154
1107.8906
509.35138
1107.8906
514.9216
1107.8906
518.23694
1107.8906
523.9159
1107.8906
526.469
1107.8906
530.7923
1107.8906
533.5277
1107.8906
538.00464
1107.8906
545.22284
1107.8906
549.5128
1107.8906
555.4729
1107.8906
557.011
1107.8906
563.25934
1107.8906
569.97485
1107.8906
577.7257
1107.8906
580.02734
1107.8906
582.99365
1107.8906
586.0149
1107.8906
588.9812
1107.8906
592.9912
1107.8906
596.01245
1107.8906
598.97876
1111.9531
598.97876
1114.9219
598.97876
1117.8906
598.97876
1120.9375
598.97876
1125.3906
603.5106
1130.5247
602.0
1134.3235
602.0
1140.9227
602.0
1143.9062
605.02124
1150.3275
605.02124
1149.9219
608.9763
1152.8906
608.9763
1155.9375
611.99756
1159.9219
611.99756
1162.8906
615.0188
1165.9375
615.0188
1167.3646
617.9851
1170.3906
617.9851
1171.9531
621.00635
1175.9375
625.01636
1180.3906
625.01636
1178.9062
627.98267
1183.4766
627.98267
1181.9531
631.0039
1186.4062
631.0039
1184.9219
634.02515
1190.8566
636.99146
1193.9844
636.99146
1194.244
641.00146
1196.4062
641.00146
1197.8906
641.00146
1199.2181
644.0227
1202.4609
644.0227
1203.9062
646.989
1207.8906
650.01025
1209.5664
652.97656
1212.4609
652.97656
1213.9062
656.9866
1216.9531
656.9866
1216.9531
660.0078
1219.9219
660.0078
1219.9219
662.9741
1223.9062
662.9741
1223.9062
665.99536
1226.9531
669.0166
1229.9219
669.0166
1229.9219
672.9717
1232.8906
672.9717
1235.9375
675.9929
1235.9375
679.01416
1239.9219
679.01416
1242.8906
681.98047
1245.9375
681.98047
1245.9375
679.01416
1248.9062
679.01416
1248.9062
675.9929
1251.9531
675.9929
1251.9531
671.46106
1258.9062
669.0166
1261.9531
669.0166
1261.9531
664.48474
1264.9219
665.99536
1267.8906
662.9741
1267.8906
660.0078
1271.9531
660.0078
1274.9219
657.8228
1274.9219
656.9866
1277.8906
656.9866
1280.9375
652.97656
1283.9062
648.88245
1289.8828
650.01025
1293.1442
646.989
1293.9062
643.7105
1298.9302
644.0227
1304.6229
644.0227
1303.9062
639.98
1307.2198
641.00146
1312.9249
636.99146
1320.6985
634.02515
1322.8906
634.02515
1325.9375
631.0039
1331.1184
627.98267
1331.9531
627.98267
1335.9375
627.98267
1338.9062
625.01636
1344.9219
625.01636
1347.8906
621.00635
1351.9531
621.00635
1354.9219
617.9851
1360.9375
617.9851
1360.9375
613.53564
1363.9062
615.0188
1367.8906
615.0188
1367.8906
611.99756
1370.9375
611.99756
1373.9062
611.99756
1376.9531
611.99756
1379.9219
610.8804
1379.9219
607.4657
1383.9062
608.9763
1391.2114
608.9763
1396.2733
608.9763
1399.9219
608.9763
1399.9219
605.02124
1402.8906
605.02124
1405.9375
600.4894
1408.9062
602.0
1411.9531
598.97876
1415.9375
594.12885
1415.9375
586.0149
1415.9375
580.99304
1415.9375
577.0061
1418.9062
569.97485
1418.9062
567.00854
1418.9062
562.4767
1418.9062
555.19165
1418.9062
550.79517
1421.9531
544.98096
1421.9531
536.5282
1421.9531
532.0171
1421.9531
523.6089
1421.9531
518.95746
1421.9531
514.54724
1421.9531
509.00073
1421.9531
503.01318
1426.4062
498.48132
1424.9219
497.02563
1424.9219
493.01562
1424.9219
489.9944
1424.9219
487.02808
1424.9219
484.00684
1424.9219
480.9856
1424.9219
477.03052
1421.9531
477.03052
1418.9062
477.03052
1418.9062
474.00928
1415.9375
474.00928
1411.9531
474.00928
1408.9062
470.98804
1405.9375
469.24854
1402.9575
468.02173
1400.7632
468.02173
1399.9219
465.21796
1394.4171
465.0005
1391.3672
465.0005
1389.9219
460.99048
1382.5995
458.02417
1379.9219
455.3803
1376.2561
455.00293
1373.9062
451.9817
1366.8036
447.95703
1363.9062
443.96997
1359.4531
445.00537
1355.4763
441.98413
1351.76
438.82483
1345.8594
439.01782
1341.9531
435.99658
1338.9062
433.03027
1331.9799
429.04712
1329.723
429.02026
1328.9062
429.02026
1325.9375
425.99902
1322.8906
425.99902
1319.9219
423.0327
1312.3422
423.0327
1308.8555
420.01147
1306.9531
420.01147
1306.9531
416.99023
1303.9062
416.99023
1299.9219
412.98022
1296.9531
410.01392
1293.9062
406.99268
1293.9062
404.02637
1293.9062
401.00513
1293.9062
396.99512
1290.9375
394.0288
1293.9062
400.06873
1296.9531
406.99268
1296.9531
411.52454
1299.9219
412.98022
1299.9219
418.78534
1303.9062
420.01147
1303.9062
423.0327
1303.9062
425.99902
1303.9062
429.02026
1303.9062
433.03027
1303.9062
435.99658
1303.9062
439.01782
1303.9062
443.2425
1303.9062
445.00537
1303.9062
450.04016
1303.9062
451.9817
1303.9062
455.00293
1303.9062
458.02417
1303.9062
460.99048
1299.9219
460.99048
1299.9219
465.0005
1295.4688
465.0005
1291.6228
465.0005
1290.9375
465.0005
1286.0533
468.02173
1281.1876
468.02173
1271.9446
469.27777
1265.1278
470.98804
1255.5048
470.98804
1240.1063
470.98804
1234.2094
470.98804
1220.5624
474.00928
1210.9375
477.03052
1204.9728
477.03052
1196.3672
477.03052
1193.0789
479.48578
1187.1407
480.9856
1179.8519
480.9856
1171.9531
484.00684
1163.9856
484.00684
1155.4652
484.00684
1145.6919
484.00684
1133.4908
484.00684
1126.7059
487.02808
1123.9062
487.02808
1120.9375
484.00684
1117.8906
484.00684
1117.8906
484.00684