1223.9062
445.02026
1128.1407
473.77618
1101.4319
486.98804
1075.9375
515.20013
1069.9219
534.9753
1062.8906
564.85034
1072.8906
642.41223
1089.5293
672.9866
1129.386
707.978
1151.3043
718.36816
1164.2542
720.9968
1185.5884
724.01807
1205.3906
724.01807
1221.4062
724.01807
1229.9219
724.01807
1229.9219
724.01807
1246.9457
724.01807
1262.1188
724.01807
1280.0675
724.01807
1294.9678
724.01807
1310.3059
720.9968
1344.3658
710.99927
1362.4609
697.98047
1376.9531
680.3091
1402.8906
629.9542
1408.9062
566.4124
1374.9062
510.33167
1323.16,
467.9817
1247.4371
445.02026
1207.8906
439.0327