1197.8906
265.98315
1194.9219
265.98315
1191.9531
265.98315
1187.8906
265.98315
1180.4688
265.98315
1178.9062
265.98315
1175.9375
265.98315
1171.9531
265.98315
1168.9062
265.98315
1165.9375
265.98315
1160.7959
269.0044
1159.9219
269.0044
1159.9219
273.0144
1155.9375
273.0144
1152.8906
273.0144
1149.041
276.03564
1146.9531
279.00195
1143.9062
279.00195
1143.9062
282.0232
1141.3999
284.9895
1137.9297
284.9895
1139.9219
288.9995
1136.9531
292.02075
1136.9531
294.98706
1133.9062
294.98706
1133.9062
298.0083
1130.9375
301.02954
1130.9375
304.98462
1126.3672
304.98462
1127.8906
308.00586
1123.9062
308.00586
1123.9062
311.0271
1123.9062
313.9934
1120.9375
313.9934
1120.9375
317.01465
1117.8906
321.02466
1117.8906
323.99097
1117.8906
327.0122
1114.9219
330.4121
1112.9662
332.99976
1110.4688
332.99976
1111.9531
337.00977
1111.9531
340.031
1111.9531
342.9973
1107.8906
346.01855
1107.8906
351.86456
1107.8906
352.99487
1107.8906
356.0161
1107.8906
358.98242
1107.8906
362.00366
1107.8906
365.0249
1107.8906
371.37677
1107.8906
373.51184
1107.8906
375.02246
1107.8906
377.98877
1107.8906
381.01
1107.8906
385.02002
1107.8906
387.98633
1110.3135
391.00757
1113.9844
391.00757
1111.9531
396.99512
1114.9219
401.00513
1114.9219
404.02637
1117.8906
406.99268
1117.8906
410.01392
1122.157
414.16748
1123.9062
416.99023
1127.8906
420.01147
1130.9375
423.0327
1134.6152
425.99902
1133.9062
429.02026
1138.4766
429.02026
1136.9531
433.03027
1139.9219
436.40906
1143.9062
435.99658
1143.9062
439.01782
1146.9531
441.26947
1146.9531
441.98413
1149.9219
441.98413
1149.9219
445.00537
1152.8906
445.00537
1152.8906
449.01538
1155.9375
449.01538
1159.9219
451.9817
1162.8906
451.9817
1162.8906
455.00293
1165.9375
455.00293
1168.9062
458.02417
1173.4766
458.02417
1175.9375
460.41107
1175.9375
460.99048
1178.9062
460.99048
1181.9531
460.99048
1186.995
465.0005
1189.1693
465.0005
1191.9531
465.0005
1194.9219
465.0005
1197.8906
468.02173
1200.9375
468.02173
1203.9062
468.02173
1207.8906
468.02173
1210.9375
468.02173
1215.3906
468.02173
1216.9531
468.02173
1219.9219
468.02173
1225.8984
468.02173
1231.4062
468.02173
1232.8906
468.02173
1235.9375
468.02173
1239.9219
468.02173
1242.8906
468.02173
1245.9375
468.02173
1248.9062
468.02173
1251.9531
468.02173
1255.9375
468.02173
1258.9062
468.02173
1261.38
465.0005
1263.4766
465.0005
1264.9219
465.0005
1267.8906
460.99048
1271.9531
460.99048
1274.9219
460.99048
1277.8906
458.02417
1282.6869
458.02417
1283.9062
455.09998
1283.9062
453.4923
1290.073
455.00293
1290.9375
452.2177
1290.9375
450.47107
1293.9062
449.9173
1293.9062
449.01538
1296.9531
449.01538
1296.9531
445.00537
1301.4062
445.00537
1299.9219
441.98413
1299.9219
439.01782
1305.8984
439.01782
1303.9062
435.99658
1303.9062
433.03027
1306.9531
429.02026
1309.2745
425.99902
1312.8906
423.0327
1312.8906
420.01147
1315.9375
420.01147
1315.9375
416.99023
1318.841
412.98022
1319.9219
410.0224
1319.9219
407.90057
1319.9219
406.99268
1322.8906
401.32513
1327.005
395.5902
1325.9375
391.67126
1325.9375
387.4953
1325.9375
383.53687
1325.9375
381.01
1327.997
375.93103
1328.9062
371.56372
1328.9062
366.60455
1328.9062
361.7528
1328.9062
357.0586
1328.9062
353.10223
1328.9062
349.8943
1328.9062
345.82812
1328.9062
339.67767
1328.9062
332.99976
1325.9375
328.5503
1325.9375
325.5016
1323.1696
323.99097
1322.8906
319.9203
1322.8906
317.01465
1319.9219
311.43134
1319.9219
308.03333
1315.9375
311.0271
1312.8906
308.00586
1310.4169
304.98462
1309.9219
301.02954
1306.9531
298.0083
1305.2083
294.98706
1302.3828
294.98706
1303.9062
292.02075
1299.9219
292.02075
1299.9219
288.9995
1296.9531
288.9995
1296.9531
284.9895
1293.9062
284.9895
1290.9375
284.9895
1287.7922
282.0232
1279.4531
282.0232
1277.8906
279.00195
1274.9219
279.00195
1266.2418
274.8318
1260.8679
276.03564
1259.3177
273.0144
1255.1128
273.0144
1249.891
273.0144
1245.2318
273.0144
1242.8906
273.0144
1234.7479
269.0044
1229.375
269.0044
1229.9219
269.0044
1226.9531
269.0044
1219.291
269.0044
1216.9531
269.0044
1213.9062
269.0044
1208.6152
265.98315
1204.153
265.98315
1201.7766
265.98315
1200.9375
265.98315
1197.8906
265.98315
1193.8116
265.98315
1190.4688
265.98315
1187.8906
265.98315
1184.9219
265.98315
1181.9531
265.98315
1178.9062
265.98315
1178.9062
265.98315