355.9375
669.0166
355.9375
675.9929
352.96875
681.16583
348.88678
686.8141
343.9453
695.4662
342.96875
694.99927
340.87112
707.0768
339.92188
716.9719
336.95312
723.2359
336.95312
726.9695
336.95312
739.14575
336.95312
748.9971
336.95312
755.0132
336.95312
759.0206
336.95312
765.31177
336.95312
771.7788
336.95312
779.59985
336.95312
784.58093
339.92188
793.75244
342.7192
800.68896
345.9375
808.3115
351.4373
824.4927
355.42993
826.0112
357.10986
834.15
358.98438
838.447
367.1229
848.9071
370.5078
860.0139
372.5467
861.80444
377.49167
867.5145
384.92188
877.8165
387.22644
880.9978
394.81866
891.4674
403.98438
909.01294
410.60202
915.98926
415.05923
924.1843
420.44064
929.70874
424.82196
936.8816
425.9375
940.8168
434.15417
950.4053
439.08298
957.0642
444.00653
960.9783
452.12634
967.1389
459.78363
974.8098
464.68414
979.7427
470.1119
983.00586
477.36835
988.5381
485.94733
993.0034
493.95102
995.9453
501.01483
1000.0747
505.54877
1002.0122
515.42914
1006.64014
521.5036
1008.9885
534.1558
1016.06226
547.96875
1020.9636
555.9603
1020.9636
557.96875
1024.9736
569.15344
1027.9949
580.83136
1031.418
591.09125
1036.1969
599.12756
1037.2949
605.91614
1041.0137
612.269
1043.98
616.9992
1043.98
625.3836
1047.2289
634.43774
1049.9675
645.3906
1052.9888
654.22626
1057.3208
658.1471
1056.9988
662.7771
1056.9988
668.2461
1058.2906
672.018
1059.9651
677.30927
1059.9651
684.8268
1062.509
689.96265
1062.9863
694.7042
1062.9863
702.82446
1063.873
709.81946
1066.0076
719.83484
1066.9398
726.26117
1068.9739
734.7394
1068.9739
753.6133
1068.9739
764.852
1068.9739
773.4777
1068.9739
781.04346
1068.9739
788.5123
1068.9739
795.7141
1068.9739
800.9375
1068.9739
810.7071
1068.9739
818.79236
1068.9739
827.35175
1068.9739
838.9961
1068.9083
844.56714
1066.0076
848.65814
1066.0076
853.5695
1066.0076
858.90625
1066.0076
863.0398
1062.9863
867.58136
1062.9863
875.5707
1062.9863
885.1666
1058.6824
890.01196
1059.9651
893.90625
1056.9988
898.76746
1056.9988
904.4922
1050.9838
905.9232
1049.9675
913.35126
1048.2765
918.90625
1043.98
925.9375
1041.0137
928.90625
1033.9824
933.47656
1033.9824
934.9219
1030.9612
940.70856
1030.9612
942.0046
1027.9949
944.9219
1024.9736
946.4298
1019.4955
949.4922
1016.51416
949.2533
1014.9761
950.9375
1012.37695
950.9375
1006.9287
950.9375
1002.3718
956.91406
997.48035
954.9219
993.28723
954.9219
984.3303
954.9219
975.45276
954.9219
968.47644
954.9219
957.6085
954.9219
953.2357
950.9375
947.2069
950.9375
939.13574
949.031
934.1365
946.20496
931.97437
943.43695
921.9768
938.90625
915.98926
936.57825
908.89185
931.5474
905.9917
930.4751
901.5315
925.8123
892.6765
920.7866
888.3838
915.5266
883.546
908.0921
875.12573
899.67053
870.7555
895.41284
869.4729
884.1334
861.1322
883.90625
858.7446
871.22565
851.9939
854.9219
842.5348
849.95404
840.0066
839.42926
836.0088
831.1105
826.777
814.6325
814.6926
804.2227
810.28503
793.8961
802.96643
781.3014
798.06714
768.90625
787.99854
753.4113
783.22095
735.8495
774.4254
723.48846
767.97485
706.29736
761.52
694.9219
758.9946
675.9375
748.9971
668.90607
746.95667
653.45905
743.0095
621.9531
726.9695
608.90625
724.0032
594.38336
718.88275
579.61
713.8518
575.80084
714.0056
564.1965
710.9844
560.89844
710.9844
550.9375
700.9868
544.9219
698.44617
534.9926
693.7061
529.2453
692.3142
520.6563
691.978
516.28326
685.4688
511.48438
685.0017
509.92188
685.0017
498.39844
681.98047
488.15274
680.21277
480.9375
675.9929
473.0557
674.50854
460.4498
669.0166
453.24365
669.0166
441.03195
662.9741
429.31775
661.43384
416.95312
656.9866
408.38412
656.9866
396.9341
656.9866
389.31024
652.97656
384.60733
652.97656
379.98523
651.5115
375.10764
650.01025
370.6598
650.01025
368.98438
650.01025
368.98438
652.97656
365.9375
652.97656
365.9375
656.9866
361.95312
656.9866
361.95312
660.0078
358.98438
662.9741
358.98438
665.99536
355.9375
665.99536
355.9375
665.99536