698.90625
70.99072
701.9531
163.98999
704.9219
224.85117
707.96875
272.23456
701.9531
331.19513
698.90625
381.0249
704.3608
432.99023
757.4219
432.99023
814.5818
428.98022
875.999
422.99268
957.8716
417.00513
1043.3038
412.99512
1101.9141
412.99512
1185.0287
410.0288
1251.6467
403.98633
1860.9375
417.00513
1860.9375
387.25934
1869.9219
309.3943
1872.8906
275.4651
1872.8906
181.48572
1872.8906
143.72116
1872.8906
80.267944
1782.4219
65.003174
1685.0345
65.003174
1518.2739
70.99072
1451.5946
70.99072
1394.3267
70.99072
1199.4531
58.026855
954.91437
52.039307
865.02966
49.0