704.9219
406.99268
704.9219
410.01392
704.9219
412.98022
704.9219
416.99023
704.9219
420.01147
704.9219
427.0075
704.9219
429.02026
704.9219
433.03027
704.9219
435.99658
704.9219
439.01782
704.9219
441.98413
704.9219
445.00537
704.9219
449.01538
704.9219
451.9817
704.9219
455.00293
704.9219
458.02417
704.9219
460.99048
704.9219
465.0005
704.9219
468.02173
704.9219
470.98804
704.9219
474.00928
704.9219
477.03052
704.9219
480.9856
704.9219
484.00684
704.9219
487.02808
704.9219
489.9944
704.9219
494.26172
704.9219
499.03064
704.9219
504.33252
704.9219
510.51135
704.9219
513.01074
704.9219
515.97705
704.9219
518.9983
704.9219
526.3095
704.9219
533.07556
704.9219
534.9834
704.9219
540.2505
704.9219
542.5365
704.9219
544.98096
704.9219
548.0022
704.9219
551.02344
704.9219
555.4729
704.9219
557.011
704.9219
561.021
704.9219
563.9873
704.9219
567.00854
704.9219
569.97485
704.9219
572.9961
704.9219
577.0061
704.9219
580.02734
704.9219
582.99365
704.9219
586.0149
704.9219
588.9812
704.9219
596.95416
704.9219
598.97876
704.9219
602.0
704.9219
611.1642
704.9219
613.5082
704.9219
615.0188
704.9219
620.3443
704.9219
621.00635
704.9219
625.01636
704.9219
627.98267
704.9219
638.4746
704.9219
641.00146
704.9219
644.0227
704.9219
646.989
704.9219
650.01025
704.9219
653.76514
704.9219
659.2023
704.9219
661.51843
704.9219
665.05664
704.9219
667.506
704.9219
669.0166
704.9219
672.9717
704.9219
675.9929
703.13525
679.01416
700.46875
679.01416
701.9531
681.98047
701.9531
685.0017
701.9531
689.0117
701.9531
691.978
704.9219
691.978
710.15607
691.978
717.78925
691.978
721.8779
691.978
730.3761
694.99927
735.3906
694.99927
739.7588
694.99927
744.0019
694.99927
749.9219
694.99927
752.96875
694.99927
755.9375
694.99927
758.90625
694.99927
762.96875
694.99927
765.9375
694.99927
768.90625
694.99927
771.9531
694.99927
774.9219
694.99927
778.90625
694.99927
784.9219
694.99927
787.96875
694.99927
796.91406
694.99927
802.23413
694.99927
806.8156
694.99927
812.5406
694.99927
816.6332
694.99927
819.9219
694.99927
826.28455
694.99927
828.9453
694.99927
832.2434
694.99927
837.0242
694.99927
840.3906
694.99927
842.96875
694.99927
847.1474
694.99927
849.23413
694.99927
853.47656
694.99927
854.9219
694.99927
862.1089
694.99927
868.2089
694.99927
872.3898
694.99927
874.9219
694.99927
879.009
696.05786
882.89734
698.0205
886.7739
698.0205
888.47656
698.0205
896.41815
698.0205
901.40625
698.0205
910.728
698.0205
915.3351
698.0205
919.9413
698.0205
925.9375
698.0205
934.3891
698.0205
934.9219
700.9868
942.8035
700.9868
944.9219
700.9868
947.96875
700.9868
950.9375
700.9868
956.91406
700.9868
957.96875
700.9868
960.9375
700.9868
965.5766
700.9868
970.75104
700.9868
975.2753
700.9868
981.40625
700.9868
985.8404
700.9868
992.4591
704.9968
994.4922
704.9968
997.77795
704.9968
1005.0
704.9968
1010.27124
704.9968
1014.4358
707.5234
1021.9531
708.01807
1030.9375
708.01807
1037.2666
708.01807
1041.6067
708.01807
1045.8748
708.01807
1048.4766
708.01807
1050.9375
708.01807
1053.9835
708.01807
1056.9531
708.01807
1061.1078
708.01807
1066.9531
708.01807
1074.375
708.01807
1079.8896
708.01807
1082.8906
708.01807
1090.3906
708.01807
1091.9531
704.9968
1095.9375
704.9968
1098.9062
704.9968
1101.9531
704.9968
1104.9219
704.9968
1104.9219
698.9818
1107.8906
700.9868
1111.9531
700.9868
1116.4062
700.9868
1117.8906
700.9868
1120.9375
698.0205
1120.9375
694.99927
1120.9375
691.978
1120.9375
689.0117
1120.9375
685.0017
1117.8906
681.98047
1114.9219
674.45764
1112.2206
672.9717
1111.9531
670.1923
1107.8544
669.0166
1107.8906
664.48474
1103.4375
665.99536
1104.9219
662.9741
1101.9531
660.0078
1096.8098
657.8743
1095.9375
656.9866
1091.9531
653.3064
1087.7343
652.97656
1084.4531
650.01025
1082.8906
646.989
1078.9062
644.0227
1075.9375
641.00146
1072.8906
638.2829
1072.8906
634.98645
1069.9219
636.99146
1069.9219
632.542
1069.9219
629.94006
1066.0721
631.0039
1066.9531
627.1286
1062.8906
619.7202
1060.2572
615.3538
1058.4375
613.53564
1059.9219
611.99756
1059.9219
608.9763
1056.9531
603.1455
1054.3724
602.0
1052.3828
602.0
1053.9062
598.97876
1053.9062
596.01245
1050.9375
592.55206
1050.9375
588.9812
1050.9375
586.0149
1046.9531
582.99365
1046.9531
577.0061
1043.9062
574.82874
1043.9062
570.9911
1040.9375
569.97485
1040.9375
565.5254
1037.8906
565.23816
1037.8906
561.31085
1037.8906
555.0619
1034.9219
549.6355
1028.9918
544.98096
1030.9375
539.04834
1030.9375
538.00464
1027.8906
538.00464
1027.8906
533.7397
1027.8906
532.0171
1024.9219
529.5317
1024.9219
527.4852
1024.9219
524.98584
1022.7069
522.01953
1021.9531
518.28107
1021.9531
515.97705
1017.7467
511.8819
1014.9219
507.4461
1014.9219
504.46887
1011.9531
501.47675
1009.2391
499.99194
1007.3664
497.02563
1005.9375
493.16937
1002.96875
491.57227
999.39746
487.02808
995.9375
484.00684
991.487
480.9856
992.96875
475.05298
989.9219
477.03052
989.9219
472.49866
986.9531
470.98804
982.96875
468.02173
982.96875
465.0005
979.9219
461.97284
976.60614
460.99048
976.9531
456.54102
972.8086
450.89325
972.10864
449.01538
970.9375
444.81506
965.4325
440.83112
966.9531
439.01782
963.90625
435.99658
963.90625
433.03027
963.90625
429.02026
960.9375
425.99902
960.9375
423.0327
960.9375
420.01147
957.96875
420.01147
954.2094
416.99023
954.9219
412.98022
954.9219
410.01392
950.9375
406.99268
950.9375
404.02637
947.96875
404.02637
940.9216
404.02637
937.3828
404.02637
934.9219
404.02637
929.48047
404.02637
924.7787
404.02637
917.3616
404.02637
914.4531
404.02637
912.96875
404.02637
908.39844
404.02637
906.9531
404.02637
899.78796
404.02637
895.46875
404.02637
893.90625
404.02637
889.4531
404.02637
886.9531
404.02637
882.4129
404.02637
878.38275
404.02637
876.4844
404.02637
872.0931
404.02637
867.81934
404.02637
863.56445
404.02637
857.7077
404.02637
852.6478
404.02637
850.46875
404.02637
845.9375
404.02637
842.30963
404.02637
836.3431
404.02637
832.37616
404.02637
827.8123
404.02637
824.6607
404.02637
819.9219
404.02637
816.9531
404.02637
813.90625
404.02637
808.1399
404.02637
804.96094
404.02637
803.90625
404.02637
800.9375
404.02637
796.5017
404.02637
793.39844
404.02637
788.8124
404.02637
787.96875
404.02637
783.41174
404.02637
779.07965
404.02637
773.5528
404.02637
770.46875
404.02637
766.2257
404.02637
761.65594
404.02637
756.875
404.02637
755.9375
401.00513
752.96875
401.00513
748.39844
401.00513
742.96875
401.00513
739.9219
401.00513
734.8689
401.00513
732.3304
401.00513
730.9375
401.00513
726.9531
401.00513
723.90625
401.00513
720.9375
401.00513
717.96875
401.00513
708.9453
401.00513
707.96875
401.00513
704.9219
401.00513
704.9219
404.02637
704.9219
406.99268
704.9219
410.01392
704.9219
412.98022
704.9219
416.99023
704.9219
421.3662
704.9219
425.5876
702.72125
425.99902
701.9531
429.02026
701.9531
435.7234
701.9531
437.47974
701.9531
439.01782
701.9531
441.98413
701.9531
445.00537
701.9531
449.01538
701.9531
451.9817
701.9531
455.00293
701.9531
455.00293