883.90625
999.00586
883.90625
992.48413
883.90625
982.5886
883.90625
972.36755
883.90625
963.2971
883.90625
955.84314
883.90625
950.28174
883.90625
945.53235
883.90625
938.99304
883.90625
936.5841
883.90625
933.6029
883.90625
929.69446
883.90625
925.3419
883.90625
920.4811
883.90625
917.53796
883.90625
914.5405
883.90625
912.9829
883.90625
908.4418
883.90625
905.2787
883.90625
898.4535
883.90625
890.9828
883.90625
885.5171
883.90625
882.51697
883.90625
879.52954
883.90625
875.2461
883.90625
872.51575
883.90625
869.0757
883.90625
865.7892
883.90625
861.82544
883.90625
859.04004
883.90625
857.99634
883.90625
854.9751
883.90625
851.4956
883.90625
848.5381
883.90625
844.97754
886.9531
844.97754
890.9375
844.97754
897.4207
844.97754
901.40625
844.97754
907.5851
844.97754
912.0396
844.97754
914.4922
844.97754
915.9375
844.97754
918.90625
844.97754
918.90625
848.98755
922.96875
848.98755
926.09937
848.98755
930.3906
848.98755
936.6024
848.98755
943.7341
848.98755
952.00964
848.98755
957.11523
848.98755
962.90186
848.98755
968.47656
848.98755
972.88806
848.98755
975.3906
848.98755
978.47656
848.98755
981.3667
848.98755
985.63385
848.98755
988.9453
848.98755
989.9219
848.98755
998.0279
848.98755
1008.436
848.98755
1019.1279
848.98755
1024.5304
848.98755
1040.9893
848.98755
1044.6577
848.98755
1051.7054
848.98755
1053.9062
848.98755
1056.9531
848.98755
1062.459
848.98755
1069.6626
848.98755
1075.6646
848.98755
1082.3035
848.98755
1088.7456
848.98755
1096.2164
844.6969
1102.3712
844.97754
1107.0597
842.84155
1112.6361
842.0112
1115.566
842.0112
1119.1997
842.0112
1122.165
842.0112
1123.9062
839.7731
1129.8828
838.99
1132.3925
838.99
1135.3906
838.99
1136.9531
838.99
1144.111
838.99
1147.439
838.99
1154.1941
838.99
1157.901
838.99
1165.1816
838.99
1173.6848
838.99
1181.4066
838.99
1187.3412
838.99
1197.5885
838.99
1202.4609
838.99
1209.4803
838.99
1220.9324
838.99
1231.4652
838.99
1247.013
838.99
1260.2477
838.99
1271.1366
838.99
1280.5721
838.99
1291.3672
838.99
1296.9141
838.99
1299.6885
838.99
1305.8984
838.99
1310.4829
838.99
1313.6805
838.99
1321.404
838.99
1325.4856
841.56323
1332.9293
842.0112
1341.1647
842.0112
1344.3044
842.0112
1351.2993
842.0112
1356.4062
846.4607
1359.2183
844.97754
1366.2565
844.97754
1378.1522
844.97754
1393.3131
844.97754
1406.8073
844.97754
1418.3324
844.97754
1429.6527
844.97754
1440.8594
844.97754
1447.2092
844.97754
1452.4609
844.97754
1457.0549
844.97754
1464.8198
844.97754
1470.3186
844.97754
1473.2312
844.97754
1478.9423
844.97754
1484.375
844.97754
1488.3109
844.97754
1494.3412
844.97754
1500.3906
844.97754
1504.209
842.0112
1511.2386
842.0112
1516.7178
840.1836
1519.375
837.4794
1525.1968
838.99
1532.4198
838.99
1534.3433
838.99
1537.9404
834.8845
1542.761
835.96875
1546.4824
835.96875
1552.2666
835.96875
1556.488
835.96875
1561.4453
835.96875
1564.5691
835.96875
1567.4508
835.96875
1577.1
835.96875
1583.8951
835.96875
1593.6533
835.96875
1599.1545
835.96875
1605.6448
835.96875
1608.082
835.96875
1612.4609
835.96875
1613.9062
835.96875
1616.875
835.96875
1623.6693
835.96875
1626.6091
835.96875
1631.4453
835.96875
1632.8906
835.96875
1636.875
835.96875
1639.9219
835.96875
1642.8906
838.5021
1642.8906
840.5006
1642.8906
842.0112
1642.8906
849.83044
1642.8906
855.62854
1642.8906
858.53784
1642.8906
866.9502
1642.8906
869.9343
1642.8906
875.4646
1642.8906
880.06116
1642.8906
885.46216
1642.8906
889.38245
1642.8906
892.4595
1642.8906
896.3323
1643.3583
902.98535
1645.9375
907.031
1645.9375
914.34705
1645.9375
920.30566
1645.9375
922.8063
1645.9375
925.9114
1645.9375
930.6477
1645.9375
936.5211
1645.9375
939.73047
1645.9375
944.32446
1645.9375
947.7455
1645.9375
950.85205
1645.9375
955.52747
1645.9375
958.4396
1645.9375
963.0145
1645.9375
965.525
1645.9375
971.94885
1645.9375
976.33484
1645.9375
979.5719
1645.9375
982.683
1645.9375
984.449
1645.9375
985.98706
1645.9375
990.3766
1645.9375
994.9409
1645.9375
997.39417
1645.9375
999.00586
1645.9375
1001.97217
1645.9375
1004.9934
1639.9888
1004.9934
1631.3612
1004.9934
1620.0153
1004.9934
1611.9181
1004.9934
1600.8192
1004.9934
1592.4863
1004.9934
1583.0039
1004.9934
1576.4204
1004.9934
1569.5603
1004.9934
1562.5436
1004.9934
1556.5369
1004.9934
1549.0311
1004.9934
1545.5564
1004.9934
1539.2886
1004.9934
1531.8978
1004.9934
1526.1099
1004.9934
1518.5533
1004.9934
1512.2952
1004.9934
1505.1914
1004.9934
1499.7676
1004.9934
1491.5446
1004.9934
1486.5682
1004.9934
1478.3071
1004.9934
1471.5072
1004.9934
1462.5492
1004.9934
1457.6451
1004.9934
1452.4994
1004.9934
1445.0934
1004.9934
1441.9141
1004.9934
1434.9219
1004.9934
1429.0026
1004.9934
1422.929
1004.9934
1417.3828
1004.9934
1414.4531
1004.9934
1409.308
1004.9934
1403.804
1004.9934
1394.3574
1004.9934
1387.3877
1004.9934
1373.198
1004.9934
1364.2782
1008.629
1354.0309
1009.0034
1347.3413
1009.0034
1338.2804
1009.0034
1321.0095
1010.88293
1313.6583
1011.9697
1304.9286
1011.9697
1297.579
1011.9697
1292.3828
1011.9697
1288.5287
1011.9697
1281.4429
1011.9697
1277.9126
1011.9697
1272.2035
1011.9697
1265.9531
1011.9697
1261.2948
1011.9697
1254.4531
1011.9697
1249.8733
1011.9697
1243.7921
1011.9697
1237.0272
1011.9697
1231.3672
1011.9697
1227.982
1011.9697
1219.4667
1011.9697
1214.3754
1011.9697
1208.0718
1011.9697
1203.9594
1011.9697
1197.5516
1011.9697
1194.3198
1011.9697
1189.9341
1011.9697
1183.4375
1011.9697
1181.4143
1011.9697
1177.5499
1011.9697
1173.2407
1011.9697
1169.1666
1011.9697
1166.5507
1011.9697
1162.7163
1011.9697
1155.9613
1011.9697
1152.6361
1011.9697
1146.1693
1011.9697
1143.4166
1011.9697
1135.4843
1011.9697
1131.5834
1011.9697
1125.3938
1011.9697
1121.4442
1011.9697
1116.1885
1011.9697
1110.4688
1011.9697
1105.8732
1009.0034
1100.4688
1009.0034
1095.2935
1004.9934
1088.0789
1004.9934
1081.9337
1001.97217
1074.9133
1001.97217
1068.71
1000.76135
1061.3613
999.00586
1055.1685
999.00586
1048.5472
997.19336
1038.8549
995.9846
1032.0941
995.9846
1027.8906
993.9757
1022.4735
992.9634
1015.266
992.9634
1008.36475
992.9634
1004.0984
992.9634
997.46625
992.9634
992.0176
992.9634
985.6916
992.9634
980.24817
992.9634
972.5833
992.9634
964.848
992.9634
961.5959
992.9634
955.74255
992.9634
948.60767
992.9634
945.15607
992.9634
940.46875
992.9634
934.5934
992.9634
929.9991
992.9634
924.914
992.9634
920.0653
992.9634
916.5001
992.9634
913.6653
992.9634
910.44916
995.4618
907.51575
995.9846
905.5847
995.9846
902.96875
995.9846
899.9219
995.9846
896.9531
995.9846
893.90625
995.9846
887.9077
995.9846
884.96094
995.9846
883.90625
995.9846
880.9375
995.9846
880.9375
995.9846