944.9219
250.01294
856.2071
329.9934
845.9375
346.03345
863.199
346.03345
896.9531
362.31976
917.0876
373.18652
940.88745
386.94452
947.96875
397.48834
963.90625
425.48285
970.9375
445.576
976.9531
473.64612
976.9531
485.46448
987.0937
500.00684
1043.9062
524.7254
1051.3284
529.01074
1162.8906
486.98804
1149.9219
451.99658
1146.9531
432.99023
1133.9062
432.99023
1094.8397
412.99512
1065.4688
392.47815
1036.3672
367.48425
1016.94617
344.54712
995.9375
300.9394
989.9219
272.099
986.9531
241.4403
976.9531
242.6109
960.9375
256.98926
948.3467
269.0193
941.9531
279.07123