1264.9219
420.01147
1261.9531
420.01147
1258.9062
420.01147
1255.9375
420.01147
1251.9531
420.01147
1248.9062
420.01147
1245.9375
420.01147
1242.8906
420.01147
1239.9219
420.01147
1232.8906
420.01147
1227.9037
420.01147
1223.4613
420.01147
1219.9219
420.01147
1216.9531
423.0327
1213.9062
423.0327
1210.9375
423.0327
1209.18
425.99902
1204.1367
425.99902
1201.6464
425.99902
1198.19
428.7235
1195.7501
429.02026
1192.2703
429.02026
1189.0721
429.02026
1185.2981
432.5221
1180.7354
433.03027
1177.3828
433.03027
1175.9375
433.03027
1167.593
435.99658
1165.9375
438.5055
1159.9219
439.01782
1154.2795
443.2185
1147.9767
445.00537
1145.4688
445.00537
1143.9062
449.01538
1135.4688
453.46484
1133.9062
451.9817
1130.9375
454.02515
1127.8906
458.02417
1122.1941
459.73492
1119.4531
462.47363
1116.3563
465.0005
1114.9219
467.79376
1110.4688
468.02173
1103.4375
470.98804
1102.204
474.00928
1097.7953
478.1322
1095.9375
480.9856
1089.9609
485.51746
1085.9375
489.6333
1082.8906
494.52625
1078.9062
493.01562
1075.9375
499.1571
1072.6405
499.99194
1072.8906
504.5238
1069.9219
505.9795
1065.4688
510.51135
1062.8906
513.01074
1059.9219
515.97705
1059.9219
518.9983
1055.637
518.9983
1056.9531
526.469
1052.3828
524.98584
1052.2244
530.70746
1049.4531
533.5277
1046.9531
532.0171
1046.9531
537.9878
1046.9531
540.16254
1044.1458
541.0259
1043.9062
546.7581
1043.9062
548.0022
1040.9375
553.68384
1036.7876
553.98975
1037.8906
561.021
1037.8906
563.9873
1037.8906
567.00854
1034.9219
573.86743
1034.9219
580.7341
1034.9219
584.4768
1034.9219
592.07086
1034.9219
592.9912
1034.9219
596.01245
1034.9219
600.4619
1034.9219
605.02124
1034.9219
613.5082
1034.9219
616.5294
1034.9219
617.9851
1034.9219
624.7344
1034.9219
629.17694
1034.9219
631.0039
1034.9219
638.0905
1034.9219
641.00146
1034.9219
646.5833
1034.9219
648.47217
1034.9219
650.01025
1034.9219
652.97656
1034.9219
660.98865
1034.9219
665.2452
1034.9219
669.4271
1037.8906
671.8483
1037.8906
678.9077
1039.997
684.0691
1042.4609
686.5123
1040.9375
693.8103
1040.9375
696.5099
1043.9062
699.75903
1043.9062
704.97253
1043.9062
709.5287
1046.9531
710.6683
1046.9531
713.27216
1050.5383
714.0056
1050.9375
716.9719
1050.9375
720.98193
1054.6895
727.7521
1053.9062
729.9907
1056.9531
733.01196
1056.9531
737.022
1059.9219
739.9883
1059.9219
743.0095
1062.8906
746.66223
1066.9531
749.46204
1069.9219
753.0071
1071.7085
755.9734
1074.375
755.9734
1074.4847
760.5753
1078.8092
762.01587
1078.9062
764.2737
1082.8906
768.5094
1085.0201
768.9922
1085.9375
772.0134
1088.9062
774.97974
1097.6495
778.001
1098.4434
780.9673
1098.9062
786.5116
1101.9531
787.99854
1104.9219
791.0198
1107.8906
791.0198
1111.9531
793.9861
1114.9219
793.9861
1124.7723
797.0073
1126.4966
801.01733
1130.9375
803.9928
1135.9484
803.98364
1139.892
803.98364
1145.8297
808.4634
1152.0511
807.0049
1152.8906
810.13696
1159.9219
809.9712
1167.3685
809.9712
1171.7034
809.9712
1174.7603
809.9712
1178.3069
809.9712
1180.3906
809.9712
1181.9531
809.9712
1184.9219
809.9712
1187.8906
809.9712
1194.2057
809.9712
1196.4062
809.9712
1200.2045
809.9712
1202.4609
809.9712
1203.9062
809.9712
1207.8906
809.9712
1210.9375
809.9712
1215.8606
809.9712
1219.6926
809.9712
1225.935
809.9712
1229.6926
807.0049
1236.7645
807.0049
1243.4375
807.0049
1242.8906
807.0049
1250.3906
803.98364
1257.7783
803.98364
1260.3906
803.98364
1261.9531
803.98364
1266.4062
799.5342
1267.8906
801.01733
1276.2954
795.1521
1279.375
797.0073
1283.9062
797.0073
1289.4845
792.7776
1290.9375
793.9861
1293.9062
793.9861
1298.4766
789.5366
1299.9219
791.0198
1302.7671
787.99854
1306.8015
787.99854
1309.3864
785.5222
1312.921
784.9773
1317.4126
779.026
1319.9219
780.9673
1322.8906
778.001
1325.9375
778.001
1331.8668
774.97974
1334.01
772.0134
1338.6881
769.21423
1343.4766
768.9922
1346.9559
764.9822
1347.8906
764.9822
1351.9531
762.01587
1354.9219
762.01587
1357.8906
758.9946
1360.364
753.5654
1362.4609
751.5239
1363.9062
747.7843
1367.8906
745.9758
1370.9375
743.0095
1373.9062
739.9883
1376.9531
737.022
1381.4062
733.01196
1383.9062
725.27625
1386.6201
721.3122
1388.4766
719.4713
1389.9219
714.0056
1392.7693
708.1393
1392.8906
703.86914
1395.9375
698.5549
1399.9219
694.99927
1402.8906
689.0117
1405.9375
681.98047
1405.9375
679.01416
1410.3906
674.4823
1408.9062
672.9717
1411.9531
663.75336
1411.9531
659.02057
1415.9375
652.97656
1418.9062
644.9625
1418.9062
641.0972
1421.9531
634.9643
1421.9531
630.94183
1424.9219
625.9814
1424.9219
621.00635
1427.8906
615.0188
1431.9531
603.3858
1431.9531
596.06287
1431.9531
593.0187
1431.9531
582.99365
1431.9531
572.9961
1431.9531
567.26355
1431.9531
562.78143
1431.9531
552.06726
1431.9531
547.07385
1431.9531
538.4824
1431.9531
532.0171
1431.9531
525.66547
1431.9531
522.01953
1425.6498
513.73804
1424.9219
507.82404
1422.6879
505.9795
1421.9531
503.13068
1415.0114
498.33032
1411.9531
492.81787
1406.9147
488.00446
1402.9872
484.10254
1397.2568
477.03052
1392.9816
474.09943
1386.9531
469.16302
1383.9062
465.0877
1375.172
459.25647
1373.9062
455.19104
1366.3672
450.47107
1356.506
445.00537
1352.2367
442.2727
1344.9219
441.98413
1337.3828
437.53467
1329.9973
439.01782
1328.9062
434.78455
1322.8906
435.99658
1315.1991
435.99658
1311.3672
435.99658
1309.9219
433.03027
1297.9297
433.03027
1295.4688
433.03027
1284.8828
429.02026
1280.9375
429.02026
1274.0336
429.02026
1267.8099
429.02026
1263.0282
429.02026
1258.9497
426.0421
1250.2286
425.99902
1245.9602
425.99902
1239.258
425.99902
1232.4609
425.99902
1231.2723
425.99902
1228.4375
425.99902
1226.9531
425.99902
1223.9062
425.99902
1219.9219
425.99902
1219.9219
425.99902