1258.9062
531.97705
1255.9375
531.97705
1251.9434
531.97705
1248.9062
531.97705
1245.9375
531.97705
1242.615
531.97705
1239.9219
531.97705
1235.9375
531.97705
1231.9695
531.97705
1227.04
531.97705
1225.4688
531.97705
1223.9062
531.97705
1219.9219
531.97705
1216.5557
531.97705
1213.9062
531.97705
1210.9375
531.97705
1207.8906
531.97705
1202.3618
531.97705
1200.9375
531.97705
1197.8906
531.97705
1193.167
534.9983
1189.326
534.9983
1185.7285
534.9983
1183.4375
534.9983
1181.9531
534.9983
1178.9062
537.55365
1176.1766
538.01953
1174.4531
538.01953
1171.9531
538.01953
1168.9062
538.01953
1167.065
540.98584
1164.4531
540.98584
1162.8906
540.98584
1159.9219
544.99585
1155.9375
544.99585
1153.9469
548.0171
1151.3672
548.0171
1149.9219
552.46655
1146.9531
554.84625
1146.2301
557.0259
1142.3828
557.0259
1141.4873
560.98096
1137.9297
560.98096
1135.4688
564.0022
1136.9531
567.02344
1133.9062
569.69934
1133.9062
571.4729
1133.9062
575.4366
1131.0156
577.021
1130.9375
584.16974
1130.9375
586.6155
1127.0967
589.7833
1127.8906
593.842
1127.8906
596.02734
1127.8906
598.99365
1127.8906
602.0149
1127.8906
604.9812
1127.8906
608.9912
1127.8906
612.01245
1127.8906
614.97876
1127.8906
618.0
1127.8906
621.02124
1127.8906
624.9763
1127.8906
627.99756
1127.8906
631.0188
1127.8906
633.9851
1127.8906
637.00635
1127.8906
641.01636
1127.8906
643.98267
1130.9375
647.0039
1130.9375
650.02515
1130.9375
652.99146
1135.0292
652.99146
1133.9062
658.5373
1136.9531
661.5333
1139.9219
662.89154
1139.9219
665.7355
1145.8984
666.01025
1148.4766
668.97656
1147.8928
672.9866
1151.4062
672.9866
1154.375
676.0078
1152.8906
678.9741
1155.9375
678.9741
1159.9219
681.99536
1162.8906
681.99536
1165.9375
681.99536
1165.9375
686.0805
1168.9062
685.0166
1171.9531
685.0166
1175.9375
685.0166
1175.9375
689.087
1179.5306
688.9717
1182.6957
688.9717
1184.9219
691.43994
1189.375
691.9929
1191.9531
691.9929
1194.9219
691.9929
1197.8906
691.9929
1200.9375
695.01416
1205.3906
695.01416
1207.8906
695.01416
1211.7852
695.01416
1213.9062
696.2643
1216.3416
697.98047
1219.4264
697.98047
1221.3749
697.98047
1223.9062
697.98047
1226.9531
697.98047
1229.9219
697.98047
1232.8906
697.98047
1235.9375
697.98047
1239.9219
697.98047
1242.8906
697.98047
1245.9375
697.98047
1248.9062
695.01416
1251.9531
691.1739
1258.1609
689.73016
1261.3303
688.9717
1261.9531
685.6528
1266.4062
685.0166
1269.375
681.99536
1273.687
677.68463
1274.9219
678.9741
1276.7041
676.0078
1279.3469
676.0078
1281.8807
672.9866
1285.3906
668.97656
1287.4081
663.35486
1289.8378
661.5125
1290.4261
660.0227
1290.9375
657.2846
1290.9375
653.26544
1293.791
652.99146
1295.3737
652.99146
1293.9062
650.02515
1293.9062
647.0039
1296.9531
642.7105
1296.9531
641.01636
1296.9531
637.00635
1296.9531
633.9851
1296.9531
629.091
1296.9531
626.48694
1296.9531
624.9763
1296.9531
621.02124
1296.9531
618.0
1296.9531
614.97876
1296.9531
612.01245
1296.9531
608.9912
1296.9531
604.9812
1296.9531
602.0149
1296.9531
598.99365
1296.9531
596.02734
1296.9531
593.0061
1292.3828
593.0061
1293.9062
587.01526
1293.9062
584.4962
1289.5281
585.97485
1290.9375
581.5276
1287.8906
579.9873
1282.1354
577.021
1283.9062
573.011
1280.9375
570.1198
1280.9375
568.5273
1277.8906
567.02344
1277.8906
564.0022
1274.8468
560.9045
1271.9531
555.57947
1271.9531
551.6549
1271.9531
549.4728
1271.9531
548.0171
1266.4241
548.0171
1267.8906
543.6434
1267.8906
540.98584
1264.0199
538.01953
1264.9219
534.9983
1264.9219
531.97705
1261.9531
531.97705
1261.9531
527.72675
1261.9531
522.00336
1258.9062
519.09644
1258.9062
516.2259
1258.9062
513.971
1258.9062
513.02563
1255.9375
508.11407
1255.9375
504.48376
1255.9375
503.02808
1255.9375
499.24176
1255.9375
496.9856
1255.9375
493.03052
1255.9375
490.00928
1255.9375
486.98804
1255.9375
484.02173
1255.9375
481.0005
1255.9375
476.99048
1255.9375
474.02417
1255.9375
471.00293
1258.0577
467.9817
1260.3689
467.9817
1258.9062
465.01538
1261.2936
461.00537
1261.9531
458.2846
1261.9531
456.51947
1261.9531
455.01782
1265.8885
455.01782
1264.9219
451.99658
1267.8906
451.99658
1267.8906
447.54712
1271.9531
445.36548
1271.9531
443.01526
1274.9219
445.02026
1274.9219
441.99902
1279.375
441.99902
1277.8906
439.0327
1281.3875
439.0327
1280.9375
436.01147
1283.9062
436.01147
1287.4402
432.99023
1289.8828
432.99023
1290.9375
432.99023
1291.5016
428.98022
1295.3906
428.98022
1296.9531
428.98022
1299.9219
426.5445
1299.9219
424.53503
1303.9062
426.01392
1306.9531
426.01392
1309.9219
426.01392
1312.8906
426.01392
1315.9375
426.01392
1319.9219
426.01392
1322.8906
422.99268
1325.9375
422.99268
1328.9062
422.99268
1331.9531
422.99268
1337.858
422.99268
1340.3257
422.99268
1339.8894
420.02637
1343.4766
420.02637
1344.9219
420.02637
1347.8906
420.02637
1351.9531
420.02637
1354.9219
420.02637
1357.8906
420.02637
1360.9375
420.02637
1363.9062
420.02637
1367.8906
420.02637
1370.9375
420.02637
1370.9375
424.4234
1373.9062
425.88806
1376.7991
426.01392
1376.9531
429.55566
1382.7797
428.98022
1383.9062
434.99524
1387.8383
432.99023
1388.9078
436.01147
1389.9219
440.54333
1392.8906
441.99902
1395.9375
444.81482
1395.9375
446.53088
1399.9219
449.03027
1403.4781
451.99658
1402.8906
455.33582
1407.4534
457.98413
1405.9375
461.00537
1405.9375
465.01538
1408.9062
467.56665
1408.9062
469.46484
1408.9062
471.00293
1411.9531
474.7234
1411.9531
477.4981
1411.9531
481.0005
1411.9531
484.02173
1411.9531
486.98804
1411.9531
490.88116
1411.9531
493.03052
1411.9531
496.9856
1411.9531
500.00684
1411.9531
503.02808
1411.9531
505.9944
1411.9531
509.01562
1411.9531
514.7019
1409.2689
518.6535
1408.9062
521.68964
1408.9062
523.41125
1405.9375
525.00073
1405.9375
529.01074
1402.8906
531.97705
1401.8707
534.9983
1398.4375
534.9983
1399.9219
538.01953
1394.7156
538.01953
1393.8534
540.98584
1391.3672
540.98584
1392.8906
544.99585
1389.9219
549.5277
1386.9531
548.0171
1383.9062
550.9834
1379.9219
550.9834
1375.6923
555.2878
1373.9062
554.00464
1367.7574
557.15796
1363.9062
557.0259
1360.9375
557.0259
1357.1908
557.0259
1352.5516
557.0259
1351.9531
560.4411
1345.8594
560.98096
1343.7249
560.98096
1340.8123
560.98096
1337.3828
560.98096
1334.4531
560.98096
1329.0717
560.98096
1325.0143
560.98096
1320.8926
560.98096
1317.0731
560.98096
1313.6508
558.0125
1308.4375
557.0259
1306.6174
557.0259
1302.556
557.0259
1299.9219
555.35913
1295.4688
554.00464
1292.6276
554.00464
1289.5292
554.00464
1287.8906
550.9834
1283.9062
550.9834
1280.1256
550.9834
1280.9375
547.2695
1276.9368
548.0171
1274.9219
545.8593
1274.9219
543.4852
1271.9531
544.99585
1271.9531
540.98584
1265.8594
540.98584
1264.9219
540.98584
1261.9531
538.01953
1258.9062
538.01953
1258.9062
534.9983
1258.9062
534.9983