842.96875
396.99512
845.9375
396.99512
848.90625
396.99512
851.9531
396.99512
854.9219
396.99512
861.6838
396.99512
863.47656
396.99512
864.9219
396.99512
867.96875
396.99512
870.9375
396.99512
874.9219
396.99512
877.96875
396.99512
884.2974
396.99512
886.9531
396.99512
892.495
396.99512
895.3906
396.99512
898.5166
396.99512
901.40625
396.99512
902.96875
396.99512
906.9531
394.0288
909.9219
394.0288
915.33307
394.0288
917.4219
394.0288
918.90625
394.0288
922.96875
394.0288
925.9375
394.0288
928.90625
394.0288
931.9531
394.0288
936.40625
394.0288
938.90625
394.0288
945.0352
394.0288
950.9375
394.0288
954.9219
394.0288
960.9375
394.0288
968.47656
394.0288
970.9375
394.0288
976.89087
394.0288
978.47656
394.0288
982.34985
394.0288
984.4922
394.0288
986.9531
394.0288
989.9219
394.0288
992.96875
394.0288
995.9375
394.0288
998.90625
394.0288
1006.2508
394.0288
1012.4229
394.0288
1017.4796
394.0288
1020.89844
394.0288
1023.6726
394.0288
1026.4062
394.0288
1027.8906
394.0288
1034.9219
394.0288
1037.8906
394.0288
1040.9375
394.0288
1043.9062
394.0288
1046.9531
394.0288
1050.9375
394.0288
1053.9062
394.0288
1056.9531
394.0288
1062.8906
394.0288
1066.9531
394.0288
1069.9219
394.0288
1074.716
394.0288
1077.4609
394.0288
1077.4609
394.0288