1127.8906
800.9773
1123.9062
803.99854
1120.9375
808.2927
1118.0471
809.9861
1116.3672
809.9861
1117.8906
813.0073
1113.4375
821.4668
1110.4688
824.5155
1111.9531
825.9712
1107.3253
829.41284
1107.8906
833.00244
1107.8906
835.96875
1103.4375
835.96875
1104.9219
840.5006
1104.9219
850.129
1101.9531
852.30835
1101.9531
856.45825
1101.9531
860.29944
1101.9531
864.06226
1101.9531
867.1948
1101.9531
870.31775
1101.9531
872.52576
1101.9531
873.98145
1101.9531
877.0027
1098.9062
882.64124
1098.9062
885.23816
1098.9062
888.24695
1096.9716
889.96655
1095.9375
892.49646
1095.9375
894.4984
1095.9375
896.9978
1091.9531
901.11707
1091.9531
902.98535
1091.9531
906.0066
1091.9531
908.9729
1091.9531
912.9829
1091.9531
916.00415
1091.9531
918.97046
1095.9375
918.97046
1101.3026
918.97046
1104.229
918.97046
1110.5907
918.97046
1114.5527
918.97046
1117.6267
918.97046
1120.6241
918.97046
1125.3906
918.97046
1130.6912
918.97046
1135.6835
918.97046
1140.0232
918.97046
1147.5367
916.00415
1150.6199
916.00415
1157.2604
916.00415
1164.375
916.00415
1168.1422
916.00415
1174.5122
916.00415
1181.1241
916.00415
1183.4766
916.00415
1184.9219
916.00415
1195.2815
916.00415
1210.4916
916.85547
1223.0417
918.97046
1237.0645
918.97046
1248.5088
918.97046
1259.4584
918.97046
1267.0668
918.97046
1274.1536
918.97046
1280.19
918.97046
1283.6509
918.97046
1289.8828
918.97046
1292.4609
918.97046
1295.3616
918.97046
1300.8018
918.97046
1303.9185
918.97046
1310.8193
921.9917
1314.4651
923.553
1321.9141
925.01294
1330.3906
925.01294
1335.9375
925.01294
1345.6462
925.01294
1357.4396
925.01294
1363.8225
925.01294
1375.3206
925.01294
1380.7621
925.01294
1386.0807
928.968
1391.4062
928.968
1393.9746
928.968
1395.9375
928.968
1399.9219
928.968
1402.8906
928.968
1408.2616
928.968
1411.5007
928.968
1415.4619
928.968
1417.883
928.968
1418.9062
928.968
1421.9531
928.968
1424.9219
928.968
1427.8906
928.968
1431.9531
928.968
1434.9219
928.968
1440.4849
928.968
1442.3915
928.968
1446.9829
928.968
1450.616
928.968
1453.722
928.968
1456.858
928.968
1460.2704
928.968
1463.9062
928.968
1466.9531
925.01294
1469.9219
925.01294
1473.9558
925.01294
1475.9375
925.01294
1475.9375
920.8263
1475.9375
916.7291
1475.9375
910.4634
1475.9375
906.9679
1475.9375
906.0066
1475.9375
902.98535
1475.9375
899.9641
1472.8906
896.87366
1472.4225
892.51135
1469.9219
887.9053
1469.9219
885.5801
1469.9219
883.979
1466.9531
882.6135
1466.9531
877.95483
1466.9531
874.6389
1466.9531
871.5139
1464.425
867.9939
1463.9062
863.46204
1463.9062
858.2488
1459.9219
855.14954
1459.9219
850.52563
1456.9531
847.6931
1456.9531
841.0509
1456.9531
838.2217
1455.3682
835.96875
1452.3828
835.96875
1453.9062
833.00244
1453.9062
828.99243
1453.9062
825.9712
1453.9062
821.5383
1453.9062
819.98364
1450.9375
819.98364
1450.9375
817.01733
1447.0071
811.8445
1442.4136
808.85425
1442.0784
807.0198
1438.5907
801.6715
1435.1068
800.9773
1434.9219
794.3539
1430.4688
794.001
1427.8906
788.22656
1424.9752
785.0465
1421.9531
780.4669
1418.9062
776.6384
1414.4763
770.4863
1411.9531
766.6566
1407.3828
764.9971
1408.9062
760.5349
1405.9375
759.59875
1405.9375
756.41895
1401.3672
755.9883
1397.0005
753.022
1395.9375
748.3595
1392.8906
746.6931
1390.5061
745.9907
1387.4354
745.9907
1386.9531
741.45886
1381.3474
742.9695
1377.4441
742.9695
1374.3168
740.40283
1369.4531
740.0032
1364.5084
740.0032
1361.0057
740.0032
1353.6819
740.0032
1351.847
740.0032
1345.8594
740.0032
1343.265
740.0032
1341.9531
737.473
1337.3828
736.98193
1334.935
736.98193
1331.9531
736.98193
1328.9062
736.98193
1324.4531
736.98193
1322.8906
732.9719
1319.9219
732.9719
1313.9453
732.9719
1312.8906
732.9719
1308.0676
730.0056
1305.4688
730.0056
1303.9062
730.0056
1299.9219
730.0056
1295.5079
730.0056
1290.3594
730.0056
1287.7919
730.0056
1283.5555
730.0056
1279.4531
730.0056
1275.5708
730.0056
1269.2936
730.0056
1265.5087
730.0056
1262.397
730.0056
1257.3828
730.0056
1254.8759
730.0056
1248.2751
730.0056
1242.0679
730.0056
1237.1465
730.0056
1233.9453
730.0056
1232.8906
730.0056
1229.9219
730.0056
1226.9531
730.0056
1222.4587
730.0056
1220.6796
732.9719
1217.14
732.9719
1213.5278
737.48
1210.3737
736.98193
1207.8906
738.0395
1202.3215
740.0032
1200.9125
740.0032
1196.5675
744.25757
1193.9639
742.9695
1192.679
745.9907
1190.4688
745.9907
1187.8906
749.00476
1184.973
749.01196
1182.0566
749.01196
1180.0597
753.022
1178.9062
755.13855
1175.7529
755.9883
1170.8885
759.8168
1166.7372
761.9758
1163.6838
764.9971
1160.8441
769.0071
1159.9219
773.45654
1156.2369
774.9946
1155.9375
777.7561
1151.3672
782.46533
1149.9219
784.9922
1146.9531
788.0134
1143.9062
792.50415
1140.7286
794.001
1139.9219
796.53394
1137.2948
796.9673
1136.9531
800.4652
1134.3379
800.9773
1133.9062
805.50916
1131.5311
807.0198
1128.0588
809.82227
1127.8906
811.4901
1123.9062
813.0073
1120.9375
817.01733
1116.3672
819.98364
1117.8906
823.6437
1114.9219
825.9182
1114.9219
827.45435
1111.9531
828.99243
1111.9531
833.00244
1107.8906
834.25073
1107.8906
837.4519
1107.8906
837.4519