960.9375
730.0056
950.9375
738.3885
947.96875
742.49146
947.96875
744.45264
944.9219
749.01196
940.0018
753.022
937.39136
753.022
938.90625
761.9758
941.9531
769.0071
946.40625
771.9734
947.96875
771.9734
954.9219
774.9946
960.9375
774.9946
963.90625
774.9946
963.90625
774.9946
963.90625
774.9946
966.9531
771.9734
970.9375
769.0071
973.90625
764.9971
976.9531
761.9758
976.9531
759.0095
976.9531
755.9883
976.9531
749.01196
976.9531
742.9695
973.3486
740.0032
973.90625
732.9719
966.9531
732.9719
963.90625
730.0056
960.9375
730.0056
960.9375
730.0056