1149.9219
474.00928
1152.8906
477.03052
1155.9375
477.03052
1155.9375
482.96313
1159.9219
480.9856
1164.375
480.9856
1165.9375
484.00684
1168.9062
484.00684
1171.9531
486.2669
1176.1508
487.02808
1178.9062
489.51947
1178.9062
491.47754
1181.9531
489.9944
1184.9219
492.6795
1188.5474
493.01562
1191.9531
493.01562
1194.9219
497.02563
1197.8906
497.02563
1202.4609
499.99194
1203.9062
499.99194
1207.8906
503.01318
1210.9375
503.01318
1213.9062
505.9795
1216.9531
505.9795
1219.9219
509.00073
1223.9062
509.00073
1226.9531
509.00073
1229.9219
513.01074
1232.8906
513.01074
1235.9375
513.01074
1239.9219
515.97705
1245.2954
515.97705
1247.4609
515.97705
1248.9062
518.9983
1251.9531
522.01953
1255.9375
522.01953
1261.9275
524.98584
1264.327
524.98584
1264.9219
524.98584
1267.6359
528.99585
1269.375
528.99585
1273.5891
532.0171
1274.9219
535.09937
1277.8906
534.9834
1280.9375
536.3618
1280.9375
540.13727
1285.3906
541.0259
1287.8906
541.0259
1287.8906
544.98096
1290.9375
544.98096
1297.8599
548.0022
1299.9219
551.02344
1306.9531
553.98975
1309.9219
557.0412
1314.375
557.011
1318.903
557.011
1321.7352
557.011
1321.6176
561.021
1322.8906
563.86523
1325.0233
563.9873
1325.9375
566.86786
1330.5575
567.00854
1335.2012
569.4267
1337.9824
569.97485
1338.9062
569.97485
1343.1124
572.9961
1347.2186
576.09845
1350.6372
577.0061
1351.9531
577.0061
1355.9053
580.02734
1360.313
580.02734
1364.9088
583.99536
1368.4752
586.0149
1373.4155
586.0149
1377.829
589.8339
1379.9219
588.9812
1383.9062
592.9912
1386.9531
592.9912
1391.096
592.9912
1389.9219
596.4113
1397.4609
598.97876
1399.9219
601.2821
1402.8081
602.0
1407.4609
606.53186
1408.9062
605.02124
1418.2203
608.9763
1421.9531
611.99756
1424.9219
615.0188
1427.8906
615.0188
1431.9531
617.9851
1434.9219
621.00635
1437.8906
621.00635
1440.7369
625.01636
1442.4609
625.01636
1443.9062
627.98267
1447.8906
627.98267
1447.8906
631.0039
1450.9375
631.0039
1450.9375
634.02515
1453.9062
634.02515
1453.9062
636.99146
1453.9062
634.02515
1453.9062
631.0039
1456.9531
627.98267
1456.9531
625.01636
1456.9531
621.00635
1456.9531
617.9851
1456.9531
613.53564
1456.9531
611.99756
1461.4062
611.99756
1459.9219
608.9763
1459.9219
601.0439
1459.9219
598.97876
1462.6284
596.01245
1463.9062
592.40454
1463.9062
585.43396
1466.9531
582.99365
1466.9531
580.02734
1469.1559
574.0307
1469.9219
569.84814
1469.9219
567.00854
1469.9219
563.9873
1472.8906
557.011
1477.2169
553.98975
1475.9375
548.0022
1479.0492
544.98096
1479.9219
539.7328
1479.9219
538.00464
1479.9219
533.0914
1483.8384
528.0314
1482.8906
524.98584
1482.8906
520.24915
1486.4092
518.9983
1485.9375
514.46643
1487.696
505.9795
1488.9062
502.72546
1491.9531
494.0866
1491.9531
491.09503
1495.9375
487.33392
1495.9375
485.07166
1495.9375
481.01758
1499.819
475.8145
1498.9062
471.8053
1503.4766
470.98804
1501.9531
466.01904
1501.9531
463.48987
1504.1517
458.7937
1506.4062
456.54102
1504.9219
453.13763
1504.9219
447.55988
1508.9062
446.24854
1509.6367
441.27295
1511.9531
437.03772
1514.9219
433.03027
1514.9219
429.02026
1514.9219
422.28772
1517.8906
417.5855
1522.4609
416.99023
1520.9375
405.48206
1524.9219
399.4945
1529.1437
392.77686
1530.647
391.00757
1530.9375
386.56104
1533.9062
379.58722
1533.9062
376.47815
1536.875
375.02246
1542.306
368.97998
1540.9375
363.04736
1540.9375
362.00366
1543.9062
358.98242
1543.9062
354.0271
1543.9062
351.48425
1546.875
348.98486
1546.875
346.01855
1546.875
342.9973
1549.9219
340.031
1549.9219
337.00977
1549.9219
330.99475
1549.9219
330.03345
1549.9219
325.385
1552.3464
321.56842
1552.8906
318.2923
1552.8906
317.01465
1552.8906
313.9934
1556.875
311.0271
1556.875
304.98462
1556.875
301.02954
1559.9219
301.02954
1559.9219
298.0083
1563.2611
294.98706
1562.8906
290.5376
1562.8906
286.1408
1562.8906
283.2655
1565.9375
282.0232
1565.9375
279.00195
1562.8906
279.00195
1559.9219
279.00195
1553.0078
282.0232
1550.8984
282.0232
1549.9219
284.9895
1546.875
284.9895
1546.875
288.9995
1543.9062
288.9995
1540.9375
292.02075
1536.875
294.37384
1536.875
296.4702
1531.5604
297.37433
1529.4531
299.51892
1524.1572
301.80768
1518.9453
301.02954
1517.8906
304.98462
1512.8821
310.08167
1510.4688
312.53772
1508.9062
311.0271
1502.9297
313.9934
1501.9531
317.01465
1498.9062
321.5766
1495.9375
323.99097
1491.6473
323.99097
1488.9062
327.0122
1484.5287
327.0122
1482.8906
330.03345
1479.9219
330.03345
1474.5687
332.99976
1471.3672
332.99976
1469.9219
337.00977
1465.4688
337.00977
1461.3795
340.031
1457.9297
340.031
1452.598
340.031
1449.4531
344.48047
1447.8906
342.9973
1443.9062
342.9973
1438.6936
346.01855
1437.8906
346.01855
1433.3671
348.98486
1428.0321
348.98486
1425.5725
352.99487
1421.5084
352.99487
1417.5492
352.99487
1412.4883
356.0161
1407.8212
356.0161
1403.1249
356.0161
1392.4609
358.98242
1392.5095
358.98242
1388.4375
358.98242
1380.6036
362.00366
1376.9531
365.0249
1372.3828
365.0249
1367.8906
365.0249
1363.9062
365.0249
1357.8906
368.16943
1355.8374
368.97998
1354.9219
368.97998
1351.9531
368.97998
1344.1044
372.00122
1341.9531
372.00122
1338.9062
372.00122
1335.9375
372.00122
1333.6249
375.02246
1329.9609
375.02246
1328.9062
376.50348
1325.8331
377.98877
1321.3672
377.98877
1316.9279
380.25903
1313.5062
381.01
1310.9832
381.01
1306.9531
385.02002
1303.9062
387.98633
1293.9062
389.0362
1291.8956
391.00757
1286.3672
391.00757
1281.7898
396.1435
1279.4531
398.47827
1273.8125
401.00513
1268.8853
401.00513
1267.8906
405.03345
1259.0604
404.02637
1258.9062
406.99268
1255.9375
408.836
1251.0625
410.01392
1248.9062
411.5381
1245.7213
412.98022
1241.3672
412.98022
1242.5206
416.99023
1238.6746
416.99023
1232.8906
420.01147
1226.4525
423.0327
1219.8346
425.99902
1215.4688
425.99902
1213.9062
429.02026
1209.6077
429.02026
1207.8906
432.76636
1203.9062
433.03027
1200.9375
435.99658
1193.4375
435.99658
1187.8906
439.01782
1181.2378
441.98413
1178.9062
445.00537
1173.4303
445.00537
1169.9609
445.00537
1168.9062
449.01538
1165.9375
451.9817
1162.8906
455.00293
1159.9219
455.00293
1155.9375
458.02417
1152.8906
458.02417
1150.774
460.99048
1149.9219
460.99048
1146.9531
460.99048
1143.9062
465.0005
1143.9062
468.02173
1139.9219
468.02173
1139.9219
468.02173