1511.9531
292.03564
1511.9531
327.0271
1507.6177
363.2962
1504.9178
393.98877
1504.9219
412.99512
1508.9062
420.02637
1543.9062
420.02637
1553.6619
420.02637
1574.8828
417.00513
1583.7422
417.00513
1602.0133
417.00513
1613.6647
417.00513
1632.171
420.02637
1644.375
420.02637
1660.3906
426.01392
1658.9062
426.01392
1658.9062
390.69128
1658.9062
358.7968
1658.9062
325.62305
1658.9062
301.16077
1658.9062
289.0144
1650.0848
285.0044
1625.3171
287.1087
1600.4576
289.0144
1583.0868
292.03564
1558.4375
295.00195
1546.875
295.00195
1526.3672
289.0144
1516.3672
285.0044
1514.9219
285.0044