778.90625
449.03027
842.96875
440.4884
838.90625
417.00513
867.96875
428.98022
893.90625
418.5432
899.9219
389.85028
890.9375
374.98242
947.96875
344.57123
934.9219
327.0271
992.96875
320.98462
998.5376
273.0293
1013.47656
279.01685
1027.8906
241.00415
1085.9375
234.02783
1087.9982
231.00659
765.9375
439.0327
802.4219
408.54565
820.7628
393.133
831.40625
388.00122
864.9219
360.5354
892.9297
331.00964
911.40625
315.052
960.9375
259.69934
985.2384
235.30444
1005.9375
214.74448
1059.9219
161.02368
1077.6112
145.03857
1097.9297
128.99854
1116.4062
106.03711
1120.9375
99.99463