1344.9219
348.98486
1344.9219
346.01855
1344.9219
340.22937
1344.9219
338.54785
1344.9219
337.00977
1344.9219
332.99976
1344.9219
330.03345
1344.9219
327.0122
1344.9219
323.99097
1344.9219
318.09784
1344.9219
315.00964
1344.9219
313.9934
1344.9219
311.0271
1344.9219
308.00586
1344.9219
304.98462
1344.9219
301.02954
1344.9219
298.0083
1344.9219
293.47644
1344.9219
292.02075
1344.9219
283.27625
1344.9219
282.0232
1344.9219
279.00195
1344.9219
276.03564
1344.9219
273.0144
1347.8906
273.0144
1347.8906
266.9994
1347.8906
265.98315
1347.8906
263.01685
1351.9531
259.9956
1351.9531
257.0293
1355.1488
253.01929
1357.9786
249.99805
1357.8906
245.64325
1360.9375
244.0105
1363.6672
240.98926
1363.9062
235.93994
1367.8906
237.03418
1371.9517
234.01294
1370.9375
229.48108
1373.9062
226.54224
1376.9531
225.00415
1379.9219
220.40613
1385.8236
220.99414
1388.4766
220.99414
1388.6769
218.02783
1391.4062
218.02783
1392.8906
218.02783
1404.375
215.00659
1408.783
211.98535
1410.3906
211.98535
1413.0643
209.01904
1415.9375
209.01904
1420.3906
209.01904
1418.9062
205.00903
1421.9531
205.00903
1424.9219
205.00903
1427.8906
201.9878
1433.5942
201.9878
1434.9219
199.92337
1437.8175
199.02148
1440.3885
199.02148
1442.1613
199.02148
1443.9062
196.00024
1447.8906
193.03394
1450.9375
193.03394
1453.9062
193.03394
1457.0135
189.02393
1459.9219
189.02393
1468.1548
186.00269
1469.9219
186.00269
1472.8906
181.85193
1477.4609
183.03638
1479.9219
180.01514
1485.9375
180.01514
1488.9062
180.01514
1491.9531
176.9939
1498.2908
176.9939
1500.1348
176.9939
1498.9062
173.03882
1501.9531
173.03882
1501.9531
178.97144
1501.9531
180.01514
1505.7924
183.03638
1504.9219
186.00269
1504.9219
189.02393
1504.9219
193.03394
1508.9062
193.03394
1508.9062
196.00024
1508.9062
199.02148
1511.9531
202.58133
1511.9531
205.00903
1511.9531
209.01904
1514.9219
210.57294
1514.9219
213.4685
1514.9219
215.00659
1517.8906
218.02783
1517.8906
220.99414
1517.8906
225.00415
1520.9375
225.00415
1520.9375
228.02539
1520.9375
230.9917
1524.9219
230.9917
1524.9219
234.01294
1524.9219
237.03418
1527.8906
240.98926
1527.8906
244.0105
1530.9375
244.0105
1530.9375
251.23083
1530.9375
253.01929
1530.9375
257.0293
1533.9062
259.9956
1533.9062
267.26062
1536.1694
269.0044
1538.3594
269.0044
1536.875
273.0144
1540.9375
276.03564
1540.9375
280.4851
1540.9375
282.0232
1543.9062
284.9895
1543.9062
288.9995
1546.875
292.02075
1546.875
294.98706
1546.875
298.0083
1551.3389
301.02954
1552.8906
304.98462
1552.8906
308.00586
1552.8906
311.0271
1556.875
313.9934
1556.875
317.01465
1561.4453
317.01465
1559.9219
321.02466
1562.8906
323.99097
1565.9375
327.0122
1565.9375
330.03345
1565.9375
332.99976
1570.3906
339.01477
1572.1055
342.41278
1572.8906
345.98212
1572.8906
348.36877
1575.6913
352.6709
1577.344
356.0161
1578.9062
358.59296
1581.0657
358.98242
1581.875
361.71832
1581.875
366.53015
1586.4453
370.95752
1584.9219
372.00122
1588.9062
375.02246
1588.9062
377.98877
1588.9062
381.01
1591.875
384.2531
1591.875
387.02502
1594.9219
387.98633
1597.3268
393.45496
1597.8906
394.0288
1597.8906
396.99512
1600.9375
399.55212
1600.9375
403.01013
1600.9375
404.02637
1604.9219
406.99268
1607.8906
406.99268
1607.8906
412.19696
1610.9375
412.98022
1610.9375
416.99023
1613.9062
416.99023
1616.875
420.01147
1616.875
423.0327
1620.9375
423.0327
1620.9375
425.99902
1625.3906
425.99902
1623.9062
429.02026
1626.875
433.03027
1629.9219
435.99658
1629.9219
439.01782
1632.8906
439.01782
1632.8906
441.98413
1636.875
441.98413
1636.875
445.00537
1632.8906
449.01538
1629.9219
449.01538
1629.9219
451.9817
1629.9219
455.00293
1625.3516
455.00293
1623.9062
458.02417
1620.9375
463.5835
1616.2018
465.0005
1613.9062
465.0005
1610.9375
468.02173
1610.9375
470.98804
1607.8906
474.0927
1603.5829
474.00928
1599.2999
478.27222
1597.3395
477.03052
1594.9219
480.9856
1591.875
480.9856
1591.875
484.00684
1587.4219
484.00684
1584.9219
484.00684
1582.6807
487.02808
1580.3516
487.02808
1578.9062
489.9944
1572.8906
489.9944
1567.433
493.01562
1562.298
497.8056
1556.378
497.02563
1552.336
499.99194
1549.9219
499.99194
1546.875
503.01318
1539.5085
507.4073
1536.875
505.9795
1531.2671
508.66534
1529.4531
510.51135
1527.8906
509.00073
1524.9219
509.00073
1520.9375
509.00073
1516.3672
509.00073
1514.9219
509.00073
1510.5818
509.00073
1505.6028
509.00073
1501.5251
509.00073
1498.9062
509.00073
1491.6887
509.00073
1485.9375
509.00073
1482.8906
509.00073
1475.9375
509.00073
1472.8906
509.00073
1469.9219
509.00073
1466.9531
509.00073
1463.9062
504.80023
1459.9219
505.9795
1456.9531
505.9795
1453.9062
505.9795
1450.9375
505.9795
1442.7527
503.7876
1437.4609
501.53003
1437.8906
499.99194
1434.9219
499.99194
1431.8035
497.02563
1427.8906
494.26862
1424.6604
493.01562
1421.9531
489.9944
1418.9062
487.02808
1413.6368
484.00684
1411.9531
480.75226
1407.4658
480.9856
1405.9375
477.03052
1405.9375
474.00928
1402.8906
469.5326
1398.4375
470.98804
1395.9375
465.0005
1395.9375
460.99048
1393.5591
455.66583
1391.3672
453.4923
1392.8906
451.9817
1392.8906
449.01538
1389.9219
441.6181
1389.9219
439.01782
1386.9531
435.99658
1383.9062
431.54712
1383.9062
429.02026
1377.9297
424.4884
1379.9219
418.50085
1376.9531
416.99023
1376.9531
410.97522
1373.9062
410.01392
1373.9062
406.99268
1370.9375
404.90143
1370.9375
404.02637
1368.6584
394.77625
1366.3672
392.54565
1363.9062
391.00757
1363.9062
385.43585
1363.9062
383.53687
1360.9375
381.01
1360.9375
377.98877
1360.9375
375.02246
1357.8906
372.92993
1357.8906
369.16882
1357.8906
367.46936
1357.8906
365.0249
1353.7273
360.78796
1354.9219
358.98242
1354.9219
356.0161
1354.9219
352.99487
1354.9219
348.98486
1350.6957
348.98486
1351.9531
346.01855
1351.9531
342.9973
1351.9531
340.031
1347.8906
337.00977
1347.8906
332.99976
1347.8906
330.03345
1347.8906
327.0122
1344.9219
323.99097
1344.9219
323.99097